1,1
2,01
3,001101
4,001011
5,000001
6,000011
7,001000
8,000111
9,0011110
10,0010101
11,0001001
12,0000000
13,00110001
14,00010000
15,001111101
16,001010000
17,001100100
18,001001010
19,0011100000
1022,0000100101
1023,0000001000
1024,0010010010
1025,0000101111
1026,0010010111
1027,0000001011
1030,0010010001
1031,0000100111
1032,0001000100
1033,0000001001
1034,0001000111
1035,0000001010
20,00111110001
21,00111011101
22,00110000110
23,00010001010
999,00001001000
1003,00001011011
1004,00010001100
1006,00001010001
1007,00010110100
1008,00010001101
1009,00010110101
1010,00100101101
1011,00100111101
1012,00001000000
1013,00001011100
1014,00110010101
1015,00110011010
1016,00100111000
1017,00111011011
1018,00110010110
1019,00110010111
1020,00100111001
1021,00111111100
1028,00111000100
1029,00111111000
1036,00110011110
24,001111110010
25,001001111101
26,001001100001
27,001001111110
963,000010100111
964,000010010010
965,000010101000
968,001001000001
969,000010101001
975,000010010011
977,000010111011
978,001001001110
980,000010011000
981,001100111011
982,000101100111
983,000010011001
985,001010001011
986,000010101010
987,001001100010
988,001001101111
989,001110111001
990,000010101011
991,001001111100
992,001001000010
993,001100110011
994,001010001100
995,001010001101
996,001001001111
997,001111100101
998,001110000100
1000,001111100110
1001,001111110111
1002,001111100111
1005,001110000101
1037,001110000110
1041,000100010110
1043,000000110000
2028,000010001100
2033,000010101111
2035,000010110000
2036,000110010110
2037,000010110001
2038,000010001101
2040,001001111001
2042,000010001110
2043,000010110010
2046,001001100011
2047,000010011010
2050,001001100000
2051,000010011011
2052,000010001111
2053,000010100000
2054,000010110011
2056,001001100100
2058,000110010111
2060,000010110100
2061,000010110101
28,0011000011100
29,0010010000111
30,0001000101111
31,0010011001010
32,0010011111110
826,0000101000011
879,0010011111111
882,0010011010011
885,0011001100010
891,0000101001000
894,0000001110000
899,0000101001001
900,0000001110001
901,0010011010101
902,0001011000111
903,0000001110010
906,0010100110011
907,0000001110100
908,0001011001000
911,0000101001010
914,0010010011000
915,0010100110100
917,0000001110101
918,0010010011001
921,0000001110110
922,0001011001010
925,0000001110111
926,0010011010111
928,0010010011010
931,0011000011101
932,0010011011000
933,0011100110010
934,0000101001011
935,0000001111000
936,0001011001011
937,0000001111001
938,0011001100100
939,0011001111100
942,0010011011001
943,0010100010000
944,0011001111101
945,0010100110110
946,0010011011010
947,0011101111000
948,0000101001100
949,0001011001100
950,0000001111010
951,0011100110011
953,0010011011011
954,0000001111011
955,0011001111110
956,0010100110111
958,0000101001101
959,0010100010001
960,0010010011011
961,0010011011100
962,0000001111100
966,0011000011110
967,0011111101010
970,0011111101011
971,0010100010010
972,0010100111000
973,0011111111111
974,0011100110101
976,0011111101100
979,0011111101101
984,0011101111001
1038,0011111110100
1039,0000001111101
1042,0010011011101
1044,0010100111001
1045,0011100110110
1046,0011101111010
1048,0011001101100
1049,0000001111110
1050,0011000011111
1051,0000101011000
1052,0000001111111
1055,0010100010011
1056,0010011101000
1057,0001011001101
1058,0010010110000
1059,0000101011001
1065,0011001101110
1067,0010100111010
1071,0010100111011
1072,0011001101111
1073,0000101011010
1075,0000100000100
1076,0001011011001
1916,0000100010000
1968,0000100010010
1971,0000100010011
1981,0000100010100
1982,0000101011011
1990,0000100010101
1991,0000101011100
1993,0000100010110
1996,0001100101000
1997,0011001010000
2000,0011111111000
2005,0010011101111
2006,0001100101001
2012,0011001110100
2013,0011001111111
2014,0011000010010
2016,0010100010100
2017,0001100101010
2018,0010010110001
2019,0010010110010
2020,0000101011101
2021,0010011110000
2022,0011111111100
2023,0011101111011
2024,0010100010101
2025,0011101011111
2026,0011101111100
2027,0001100101011
2029,0011101111101
2030,0011101111110
2031,0011101111111
2032,0011111000000
2034,0011001010001
2039,0011101100000
2041,0011111000001
2044,0011111000010
2045,0011111111101
2048,0011111000011
2049,0011111111110
2055,0011111001000
2057,0011100001110
2059,0011111001001
2062,0011101100001
2063,0011001110101
2064,0011000010011
2065,0000101110100
2066,0001100110000
2069,0000101110101
33,00010001011101
34,00000011000101
35,00100101100111
38,00100110010110
45,00010100000010
77,00000011000110
267,00000011000111
289,00000011001000
294,00010100100111
307,00010100101001
415,00010100110110
419,00100110010111
428,00100110011000
439,00000011001001
563,00000011001010
615,00010101010110
625,00101001001001
657,00100110011001
676,00000011001011
693,00111111001100
694,00010101100011
708,00000011001100
713,00000011001101
718,00000011001110
719,00010101101000
720,00111001001001
721,00010101101001
724,00000011001111
729,00100110011010
731,00000011010000
739,00100110011011
745,00100110011100
751,00010101101101
752,00010101101110
758,00010101110001
759,00000011010001
762,00100110011101
772,00010101110011
773,00100110011110
774,00010101110100
776,00010101110101
777,00110010100101
779,00010101110110
784,00100110011111
788,00100110100000
797,00000011010010
802,00110010100110
803,00100110100001
804,00010101111010
811,00110010100111
812,00101001011000
813,00111001010001
815,00010101111100
819,00010101111101
820,00010101111110
822,00111001010011
824,00000011010011
825,00000011010100
829,00100110100010
830,00010101111111
833,00000011010101
835,00010110000001
836,00010110000010
837,00000011010110
840,00111111001101
841,00110011000000
842,00000011010111
843,00010110000011
845,00010110000100
846,00000011011000
847,00000011011001
849,00101001011100
850,00010110000101
851,00100110100011
853,00101001011101
854,00000011011010
855,00010110000111
856,00101001011110
857,00101001011111
858,00101001100000
859,00000011011011
860,00111001010111
861,00111111001110
863,00010110001000
865,00000011011100
866,00000011011101
867,00010110001001
868,00101001100001
869,00000011011110
870,00110011000001
871,00110011000010
874,00010110001010
875,00100110100100
876,00101001100011
877,00100110100101
878,00110011000011
880,00111001011001
881,00111001011010
883,00111111001111
884,00100110101000
886,00111001011011
888,00111001011100
889,00111001011101
890,00000011011111
892,00010110001011
893,00100110101001
895,00101001100100
896,00010110001100
897,00010110001101
898,00101001100101
904,00000011100110
905,00111111010000
909,00111111010001
910,00111001011110
912,00110011000110
913,00010110010010
916,00110011000111
919,00111001011111
920,00101001101010
923,00100110101100
924,00111001100000
927,00111001100001
929,00111111010010
930,00111001100010
940,00110011001010
941,00111001100011
952,00111001101000
957,00111111010011
1040,00111111101010
1047,00111111101011
1053,00111111101100
1054,00110011001011
1060,00111001101001
1061,00101001101011
1062,00111001101110
1063,00110011011010
1064,00111111101101
1066,00010110010011
1068,00100110101101
1070,00110011011011
1074,00010110110000
1077,00100111010010
1253,00000011100111
1306,00110011100000
1313,00001000001010
1342,00001000001011
1394,00010111100000
1395,00001000001100
1411,00001000001101
1417,00001000001110
1438,00110011100001
1454,00010111101011
1477,00001000001111
1478,00100111010011
1479,00010111101111
1488,00010111110010
1490,00001000010000
1501,00001000010001
1521,00001000010010
1532,00111010010100
1607,00001000010011
1627,00001000010100
1663,00011000001100
1682,00100111010100
1684,00001000010101
1727,00001000010110
1729,00001000010111
1730,00001000011000
1761,00011000011111
1785,00001000011001
1796,00011000100111
1806,00011000101001
1817,00001000011010
1844,00110000001111
1848,00011000110010
1849,00100111010101
1850,00011000110011
1858,00001000011011
1866,00011000110101
1887,00011000111010
1888,00011000111011
1889,00110000010011
1895,00001000011100
1896,00001000011101
1900,00001000011110
1911,00011000111110
1913,00100111010110
1915,00100111010111
1923,00110000010110
1926,00100111011000
1935,00100111011001
1936,00011001000001
1944,00011001000100
1946,00011001000101
1948,00001000011111
1952,00111010110101
1953,00100111011010
1955,00011001000111
1956,00011001001000
1957,00001000100010
1959,00111010110110
1960,00110000011011
1962,00110000011100
1964,00011001001001
1965,00111010111000
1966,00011001001010
1967,00100111011011
1974,00110011100010
1975,00110000011101
1976,00011001001100
1977,00110011100011
1978,00100111011100
1979,00100111011101
1983,00011001001101
1984,00111111101110
1985,00110011100100
1986,00110011100101
1987,00111111101111
1988,00111010111010
1989,00110000011110
1992,00110000011111
1994,00011001001110
1995,00111010111011
1998,00110011100110
1999,00110000100000
2001,00111111110010
2002,00111111110011
2003,00110000100001
2004,00111111110100
2007,00110000100010
2008,00110011100111
2009,00111010111100
2010,00111111110101
2011,00111111110110
2015,00111111110111
2067,00111010111101
2068,00011001001111
2070,00001000100011
2071,00001000101110
2074,00100111100010
2075,00011001100010
2077,00001000101111
2105,00011001101001
2115,00011001101011
8287,00001010000100
8307,00001010000101
8312,00010001011100
36,001110000111100
39,000101000000001
40,001001111000111
41,001010001110000
42,001110000111101
46,000101000000011
50,000101000000111
58,000101000001010
75,000101000001111
78,000101000010000
88,001010001110001
100,000101000010110
110,001010001110010
117,001010001110011
134,001010001110100
136,001010001110101
137,000101000011111
146,000101000100010
154,000101000100100
155,001010001110110
178,000101000101010
179,000101000101011
180,000101000101100
206,000101000110011
209,000101000110101
215,001010001110111
227,000101000111001
249,000101000111111
266,000101001000100
268,000101001000101
269,001010001111000
278,000101001001001
280,001010001111001
281,001010001111010
284,001010001111011
286,000101001001011
292,001110001011001
293,000101001001100
297,001010001111100
310,000101001010001
312,000101001010100
329,000101001011001
341,001010001111101
344,001010001111110
346,001010001111111
353,001010010000000
355,001010010000001
371,001110001011111
373,000101001100010
374,001010010000010
376,001110001100000
388,001010010000011
401,000101001100111
402,001010010000100
405,000101001101000
406,000101001101001
408,001010010000101
413,000101001101011
417,000101001101110
418,001110001100111
420,000101001101111
421,000101001110000
423,000101001110010
424,001010010000110
425,001010010000111
426,001010010001000
432,001010010001001
434,000101001110011
436,001010010001010
438,000101001110100
448,000101001110111
450,000101001111000
453,001010010001011
458,000101001111011
460,000101001111100
461,001010010001100
486,000101010000011
488,000101010000100
492,001110001110001
498,000101010000110
512,001010010001101
513,000101010001011
519,000101010001110
524,000101010010000
536,000101010010011
539,000101010010101
541,001110001110100
542,001010010001110
554,000101010011001
557,001110001110111
562,001010010001111
574,000101010011101
575,001110001111001
578,001010010010000
586,001010010010001
588,000101010100000
591,001110001111100
593,000101010100010
595,000101010100011
596,000101010100100
604,001110010000000
605,000101010100101
608,000101010100111
609,000101010101000
611,000101010101001
614,000101010101011
618,000101010101110
620,000101010101111
624,000101010110001
628,001110010000010
636,001010010010100
637,000101010110101
640,001010010010101
647,001010010010110
655,001110010000101
656,000101010111011
659,000101010111100
661,000101010111101
662,001010010010111
665,001110010000111
666,001110010001000
667,000101010111110
669,001110010001001
670,001010010011000
672,000101011000000
673,001010010011001
674,000101011000001
675,001110010001010
677,001010010011010
678,000101011000010
681,000101011000011
683,001010010011011
685,001110010001100
686,001010010011100
691,001010010011101
698,000101011001001
704,000101011001100
709,000101011001101
711,000101011001110
716,001010010011110
717,001110010010001
722,001010010011111
727,000101011010100
732,001110010010100
733,000101011010101
735,001010010100000
736,000101011010110
737,001110010010110
741,001010010100001
742,001110010010111
744,000101011011000
746,001010010100010
747,001010010100011
748,001010010100100
749,001110010011001
750,001010010100101
753,000101011011001
754,000101011011110
755,000101011011111
756,000101011100000
757,001010010100110
760,001110010011010
761,001010010100111
763,000101011100001
769,001110010011011
771,001110010011100
780,001110010011101
781,001010010101000
782,001010010101001
783,000101011100101
785,001110010011110
787,000101011101110
790,001010010101010
791,001010010101011
794,000101011110001
795,000101011110010
799,001010010101100
800,001110010100000
801,001110010100001
805,001010010101101
807,001010010101110
808,000101011110011
809,000101011110110
810,001010010101111
814,001110010100100
816,001010010110010
817,001010010110011
818,001110010100101
821,000101011110111
823,001110010101000
827,001010010110100
828,001010010110101
831,001010010110110
832,001110010101001
838,001110010101010
839,000101100000001
844,001110010101011
848,001110010101100
852,000101100001100
862,001110010101101
864,001010010110111
872,001110010110000
873,001010011000100
887,001110010110001
1069,001110011011110
1078,001110011011111
1091,000101101100011
1095,001010011000101
1110,000101101101100
1124,001110011100010
1133,000101101110010
1144,000101101110111
1162,001110011100101
1163,000101101111100
1165,000101101111110
1167,001010011110000
1172,001010011110001
1177,001010011110010
1181,001010011110011
1188,000101110000100
1198,001110011101000
1201,000101110001000
1203,001110011101010
1214,000101110001011
1224,001110011101101
1227,001110011101110
1234,001010011110100
1236,000101110010001
1238,000101110010010
1239,001010011110101
1240,000101110010011
1250,000101110010101
1252,000101110010110
1262,000101110011000
1264,000101110011001
1266,001110011110011
1284,000101110011110
1285,000101110011111
1288,000101110100000
1297,000101110100011
1298,000101110100100
1299,000101110100101
1300,001010011110110
1305,000101110100110
1307,000101110100111
1308,000101110101000
1310,001110011111011
1314,000101110101010
1317,000101110101011
1320,000101110101100
1322,001110011111101
1323,000101110101101
1324,000101110101110
1327,000101110110000
1333,001110011111111
1339,000101110110100
1346,001110100000010
1347,000101110110101
1350,001010011110111
1356,000101110110111
1360,001110100000110
1364,001010011111000
1365,001010011111001
1369,001010011111010
1370,001110100001001
1372,001010011111011
1381,000101110111011
1382,001010011111100
1385,000101110111100
1386,001010011111101
1389,001010011111110
1390,000101110111101
1391,000101110111110
1397,000101111000010
1402,001110100001101
1403,001110100001110
1404,001010011111111
1405,000101111000101
1406,001110100001111
1407,000101111000110
1415,000101111001000
1416,000101111001001
1419,000101111001010
1421,001100000000000
1425,000101111001101
1426,000101111001110
1428,000101111001111
1429,001110100010010
1430,000101111010000
1432,001100000000001
1434,001100000000010
1435,001100000000011
1436,000101111010001
1446,001100000000100
1447,001100000000101
1448,000101111010100
1449,001110100010101
1453,001110100010110
1457,001110100010111
1459,000101111011000
1463,001100000000110
1465,000101111011010
1468,001100000000111
1470,000101111011100
1471,001110100011001
1474,000101111011101
1475,001100000001000
1482,001110100011100
1489,001110100011101
1491,001110100011110
1495,001110100100000
1496,000101111100110
1497,000101111100111
1502,000101111101000
1505,001100000001001
1508,001110100100010
1509,000101111101010
1510,000101111101011
1511,000101111101100
1514,000101111101101
1515,000101111101110
1518,001110100100100
1528,001100000001010
1534,000101111110010
1535,000101111110011
1537,000101111110100
1551,001110100101100
1553,000101111111000
1558,000101111111010
1566,000101111111110
1567,001110100101110
1570,000110000000000
1573,001100000001011
1574,000110000000001
1581,001100000001100
1594,001100000001101
1602,001100000001110
1605,000110000001010
1615,001100000001111
1617,000110000001101
1623,000110000001111
1632,001100000010000
1638,000110000010011
1647,001100000010001
1656,000110000010101
1660,001100000010010
1664,000110000010111
1673,000110000011100
1677,001100000010011
1680,000110000011110
1685,001110100111011
1687,000110000100000
1689,001100000010100
1691,001100000010101
1693,000110000100010
1699,000110000100101
1706,000110000100111
1711,001110100111111
1720,000110000101011
1726,000110000101101
1728,000110000101110
1736,000110000110001
1737,000110000110010
1742,000110000110100
1746,000110000110101
1748,000110000110111
1752,001110101000001
1755,001100000010110
1756,000110000111001
1757,000110000111010
1758,000110000111011
1760,000110000111100
1762,001110101000011
1764,000110000111101
1769,001100000010111
1770,001100000011000
1771,001110101000100
1773,000110001000010
1778,000110001000100
1780,001110101000101
1782,000110001000110
1786,000110001000111
1787,000110001001000
1790,000110001001010
1793,000110001001011
1797,001100000011001
1799,000110001001101
1802,000110001010001
1803,001100000011010
1804,001110101000111
1807,000110001010100
1808,001110101001000
1815,001110101001011
1823,001100000011011
1824,001110101001100
1825,001110101001101
1826,000110001011000
1830,000110001011010
1831,000110001011011
1832,000110001011100
1833,001110101001111
1836,001100000011100
1837,000110001011101
1839,000110001011110
1842,000110001100000
1843,000110001100001
1845,001110101010001
1846,000110001100010
1854,001100000011101
1855,001110101010011
1856,001110101010100
1857,001110101010101
1859,001100000100000
1864,001100000100001
1865,000110001101001
1867,000110001101100
1869,001110101010111
1870,000110001101101
1872,001100000100010
1873,001110101011000
1874,000110001101111
1877,000110001110000
1880,001110101011001
1881,001100000100011
1882,001100000100100
1884,000110001110010
1885,000110001110011
1892,001110101011100
1893,000110001111000
1897,001100000100101
1898,000110001111010
1899,001110101011101
1904,001100000101000
1905,001110101011110
1906,001100000101001
1907,001100000101010
1908,001100000101011
1909,001110101011111
1912,001110101100001
1917,001110101100010
1919,000110001111110
1920,000110001111111
1922,000110010000000
1927,001100000101110
1929,001100000101111
1930,001100000110000
1931,001100000110001
1933,001110101100101
1934,001110101100110
1937,001100000110010
1938,001110101100111
1939,001110101101000
1940,000110010000100
1941,000110010000101
1943,000110010000110
1945,000110010000111
1947,001100000110011
1950,001100000110100
1951,000110010001100
1963,001110101101111
1970,000110010001101
1972,000110010010110
1973,001100000110101
2072,001110101110011
2073,001110110001000
2076,001100001000110
2078,000110010010111
2079,001100001000111
2080,000110011000110
2081,001110110001001
2082,000110011000111
2083,000110011001000
2085,000110011001001
2088,000110011001010
2089,000110011001011
2090,000110011001100
2091,001110110001011
2094,001110110001100
2098,001100001010000
2099,000110011001111
2100,000110011010000
2104,001100001010001
2106,000110011010001
2110,001110110001110
2119,001100001010010
2121,000110011011001
2123,000110011011010
2126,000110011011100
2130,001110110010010
2132,001100001010011
2135,000110011011111
2137,000110011100000
2139,000110011100001
2144,000110011100010
2145,000110011100011
2151,000110011100110
2977,000110101001100
4052,000110101111000
4076,000110101111101
4104,001100001010100
4124,000110110001000
4131,000110110001010
4139,000110110001100
4145,000110110001111
4154,000110110010010
4165,000110110010101
4170,001110110100000
4173,000110110011000
4174,000110110011001
4180,001100001010101
4181,000110110011011
4182,001100001010110
4184,000110110011101
4187,000110110011110
4190,001100001010111
4194,000110110100001
4195,001100001011000
4197,001100001011001
4198,000110110100010
4201,000110110100100
4202,000110110100101
8064,000110111000010
8148,000110111010000
8176,000110111010111
8182,001110110100110
8187,000110111011010
8194,000110111011101
8204,000110111100001
8212,000110111100100
8214,000110111100101
8216,000110111100110
8235,001110110101100
8240,001100001011010
8248,001100001011011
8262,000110111110001
8265,001100001011100
8272,000110111110101
8276,000110111110110
8293,001100001011101
8296,001100001011110
8297,001100001011111
8298,000110111111010
8302,000110111111100
8309,001100101001000
8319,001100101001001
8325,001001000000001
8329,000000110001000
8379,000000110001001
37,0001010000000000
43,0001010000000001
44,0001010000000100
47,0001010000000101
49,0001010000001101
54,0001010000010001
56,0001010000010010
59,0001010000010110
65,0001010000011000
68,0001010000011010
70,0011100001111100
71,0001010000011011
72,0001010000011100
76,0001010000011101
80,0001010000100011
81,0011100001111101
84,0011100001111110
87,0001010000100101
90,0001010000100110
94,0001010000101001
95,0001010000101010
97,0001010000101011
102,0001010000101111
104,0001010000110000
105,0001010000110001
106,0001010000110010
116,0011100001111111
123,0001010000110110
125,0001010000110111
126,0001010000111000
129,0011100010100000
131,0001010000111010
133,0001010000111011
135,0001010000111100
140,0001010001000000
142,0011100010100001
143,0001010001000001
144,0001010001000010
158,0001010001001010
159,0001010001001011
161,0001010001001100
168,0001010001010000
172,0001010001010001
175,0011100010100010
183,0001010001010011
187,0001010001011100
188,0001010001011101
191,0011100010100011
192,0001010001011111
198,0001010001100010
200,0001010001100011
202,0011100010100100
204,0011100010100101
205,0001010001100101
208,0001010001101000
211,0001010001101001
221,0001010001101110
222,0001010001101111
224,0001010001110000
228,0011100010100110
229,0001010001110100
230,0011100010100111
233,0001010001110110
234,0001010001110111
235,0001010001111000
237,0001010001111001
239,0011100010101000
240,0011100010101001
241,0001010001111010
246,0001010001111100
247,0011100010101010
251,0001010010000000
252,0011100010101011
253,0001010010000001
254,0001010010000010
259,0001010010000100
264,0001010010000110
270,0001010010001100
274,0001010010001110
275,0011100010101100
276,0001010010001111
277,0001010010010000
279,0001010010010001
282,0011100010101101
283,0001010010010100
285,0011100010101110
287,0011100010101111
288,0011100010110000
295,0011100010110001
296,0011100010110100
298,0001010010011010
299,0011100010110101
301,0001010010011011
313,0001010010101010
314,0001010010101011
319,0001010010101110
322,0011100010110110
323,0011100010110111
324,0001010010110000
325,0001010010110001
327,0011100010111000
331,0001010010110101
340,0001010010111001
343,0011100010111001
347,0001010010111010
348,0001010010111011
350,0001010010111100
351,0011100010111010
359,0011100010111011
360,0001010010111111
365,0011100010111100
366,0001010011000000
375,0011100010111101
377,0011100011000010
380,0011100011000011
381,0011100011000100
384,0001010011000110
391,0001010011001000
392,0001010011001001
393,0001010011001010
394,0011100011000101
396,0001010011001100
397,0011100011000110
400,0011100011000111
403,0011100011001000
407,0011100011001001
409,0001010011010100
410,0011100011001010
411,0011100011001011
412,0001010011010101
414,0011100011001100
416,0011100011001101
422,0001010011100010
427,0011100011010000
429,0011100011010001
433,0011100011010010
435,0011100011010011
440,0011100011010100
441,0011100011010101
442,0011100011010110
443,0011100011010111
444,0011100011011000
445,0001010011101010
446,0001010011101011
447,0001010011101100
452,0001010011110010
456,0011100011011001
457,0001010011110100
463,0001010011111010
464,0001010011111011
465,0001010011111100
466,0001010011111101
467,0001010011111110
468,0011100011011010
469,0011100011011011
470,0001010011111111
472,0011100011011100
475,0011100011011101
476,0011100011011110
479,0001010100000001
481,0001010100000010
484,0001010100000100
489,0011100011011111
490,0011100011100000
493,0011100011100001
494,0001010100001010
497,0011100011100100
500,0001010100001110
501,0001010100001111
502,0001010100010000
504,0011100011100101
505,0001010100010010
506,0001010100010011
514,0001010100011000
516,0001010100011001
518,0001010100011010
520,0001010100011011
522,0001010100011110
525,0011100011100110
529,0001010100100010
531,0001010100100011
532,0011100011100111
533,0001010100100100
535,0001010100100101
540,0001010100101001
544,0001010100101101
546,0001010100101110
547,0011100011101010
548,0001010100101111
549,0011100011101011
551,0011100011101100
553,0001010100110001
560,0011100011101101
564,0001010100110110
569,0001010100111000
571,0011100011110000
573,0011100011110001
576,0011100011110100
577,0011100011110101
581,0001010100111100
582,0001010100111101
585,0001010100111110
587,0011100011110110
589,0001010100111111
590,0001010101000010
592,0011100011110111
594,0011100011111010
598,0011100011111011
599,0011100011111100
600,0011100011111101
603,0011100011111110
610,0001010101001101
613,0001010101010100
616,0011100011111111
621,0011100100000010
622,0011100100000011
623,0001010101100000
626,0001010101100001
627,0001010101100100
629,0001010101100101
630,0001010101100110
631,0001010101100111
634,0001010101101001
638,0001010101101100
639,0001010101101101
641,0011100100000110
642,0011100100000111
644,0001010101101110
645,0011100100001000
646,0001010101101111
650,0001010101110001
651,0001010101110010
652,0011100100001001
654,0001010101110100
660,0011100100001100
663,0011100100001101
664,0001010101110101
682,0001010110001000
684,0011100100010110
688,0001010110001010
690,0011100100010111
692,0001010110001011
695,0001010110010000
696,0011100100011010
697,0001010110010001
699,0011100100011011
700,0001010110010100
701,0001010110010101
702,0011100100011100
703,0001010110010110
705,0011100100011101
706,0011100100011110
710,0011100100011111
712,0011100100100000
714,0011100100100001
730,0001010110011111
734,0011100100101010
738,0011100100101011
740,0001010110101110
743,0011100100110000
768,0011100100110001
775,0001010111001001
789,0001010111011110
792,0001010111011111
793,0001010111100000
796,0011100100111110
798,0001010111100001
806,0011100100111111
834,0001011000000000
1081,0011100111000000
1084,0001011000011010
1087,0001011000011011
1090,0001011011000101
1094,0001011011010000
1099,0011100111000001
1100,0001011011010011
1102,0001011011010100
1105,0011100111000010
1112,0001011011010111
1117,0001011011011100
1118,0011100111000011
1122,0001011011011110
1123,0001011011011111
1126,0011100111000110
1127,0001011011100000
1128,0001011011100001
1131,0001011011100011
1134,0001011011100110
1137,0001011011101000
1141,0001011011101011
1143,0001011011101100
1145,0001011011101101
1146,0001011011110000
1148,0011100111000111
1149,0011100111001000
1150,0001011011110001
1154,0001011011110010
1157,0001011011110100
1158,0001011011110101
1159,0011100111001001
1160,0001011011110110
1161,0001011011110111
1166,0001011011111011
1168,0001011011111110
1170,0011100111001100
1173,0011100111001101
1174,0001011100000000
1175,0001011100000001
1178,0011100111001110
1179,0001011100000010
1183,0001011100000100
1185,0001011100000110
1186,0001011100000111
1190,0001011100001011
1195,0001011100001101
1196,0011100111001111
1199,0001011100001110
1200,0011100111010010
1202,0001011100001111
1204,0001011100010010
1206,0011100111010011
1207,0011100111010110
1208,0001011100010011
1213,0011100111010111
1215,0001011100011000
1216,0001011100011001
1221,0001011100011011
1223,0011100111011000
1225,0001011100011101
1230,0001011100011111
1231,0001011100100000
1232,0011100111011001
1235,0001011100100001
1237,0011100111011110
1243,0011100111011111
1246,0011100111100000
1249,0011100111100001
1251,0011100111100010
1255,0001011100101110
1258,0011100111100011
1261,0011100111100100
1265,0011100111100101
1267,0001011100110100
1268,0001011100110101
1270,0001011100110111
1271,0011100111101000
1273,0001011100111000
1275,0001011100111001
1279,0011100111101001
1280,0011100111101010
1282,0011100111101011
1283,0011100111101100
1287,0011100111101101
1289,0001011101000010
1290,0011100111101110
1291,0011100111101111
1292,0011100111110000
1295,0001011101000100
1296,0011100111110001
1302,0011100111110010
1303,0001011101000101
1304,0011100111110011
1309,0011100111110100
1316,0011100111110101
1319,0011100111111000
1321,0001011101010011
1325,0011100111111001
1326,0001011101011110
1328,0011100111111100
1331,0001011101100010
1332,0001011101100011
1334,0001011101100100
1337,0001011101100110
1340,0001011101100111
1341,0011100111111101
1343,0011101000000000
1344,0011101000000001
1345,0011101000000010
1349,0011101000000011
1351,0011101000000110
1352,0011101000000111
1353,0001011101101100
1354,0011101000001000
1355,0011101000001001
1357,0001011101101101
1358,0011101000001010
1361,0011101000001011
1362,0011101000001110
1363,0011101000001111
1366,0011101000010000
1367,0001011101110000
1368,0011101000010001
1375,0011101000010100
1376,0001011101110010
1377,0011101000010101
1379,0001011101110011
1383,0001011101110101
1387,0011101000010110
1388,0011101000010111
1392,0011101000011000
1396,0001011101111111
1400,0001011110000111
1401,0001011110001000
1408,0011101000011001
1409,0011101000100000
1410,0001011110001001
1414,0011101000100001
1418,0001011110001111
1420,0001011110010110
1422,0001011110010111
1423,0001011110011000
1427,0011101000100010
1433,0011101000100011
1437,0011101000100110
1439,0011101000100111
1440,0001011110100100
1441,0001011110100101
1442,0011101000101000
1451,0001011110100111
1452,0001011110101010
1455,0011101000101001
1460,0011101000110000
1464,0001011110110011
1466,0001011110110110
1467,0011101000110001
1469,0001011110110111
1472,0011101000110100
1473,0011101000110101
1476,0011101000110110
1480,0001011111000000
1481,0001011111000001
1484,0001011111000010
1486,0011101000110111
1487,0001011111000100
1492,0001011111000101
1493,0011101000111110
1494,0001011111000110
1499,0011101000111111
1500,0011101001000010
1503,0001011111000111
1504,0011101001000011
1506,0001011111010010
1507,0001011111010011
1512,0011101001000110
1513,0011101001000111
1516,0001011111011110
1519,0001011111100000
1520,0001011111100001
1522,0011101001001010
1523,0011101001001011
1525,0001011111100010
1526,0011101001001100
1527,0011101001001101
1533,0011101001001110
1536,0011101001001111
1539,0001011111101011
1543,0011101001010100
1544,0001011111101101
1546,0011101001010101
1547,0011101001010110
1548,0011101001010111
1552,0001011111101111
1554,0001011111110010
1556,0001011111110011
1557,0011101001011010
1559,0011101001011011
1560,0001011111110110
1561,0001011111110111
1562,0001011111111000
1564,0001011111111010
1568,0001011111111011
1569,0001011111111110
1571,0011101001011110
1572,0001011111111111
1575,0001100000000100
1576,0001100000000101
1577,0011101001011111
1579,0001100000000111
1582,0001100000001000
1583,0001100000001001
1584,0001100000001010
1588,0001100000001100
1589,0011101001100000
1590,0001100000001101
1591,0011101001100001
1597,0001100000010000
1599,0001100000010010
1600,0011101001100010
1601,0011101001100011
1606,0011101001100100
1608,0001100000010110
1614,0001100000011001
1619,0001100000011100
1620,0011101001100101
1624,0011101001100110
1626,0001100000100000
1628,0001100000100001
1631,0001100000100010
1633,0011101001100111
1636,0001100000100100
1637,0011101001101000
1642,0011101001101001
1643,0001100000100101
1644,0011101001101010
1646,0011101001101011
1648,0011101001101100
1653,0011101001101101
1654,0011101001101110
1655,0011101001101111
1657,0011101001110000
1661,0011101001110001
1665,0011101001110010
1666,0001100000110100
1667,0001100000110101
1668,0011101001110011
1669,0001100000110110
1675,0001100000110111
1676,0011101001110100
1679,0001100000111011
1681,0001100000111110
1686,0011101001110101
1688,0001100000111111
1692,0001100001000011
1696,0001100001000111
1697,0001100001001000
1698,0001100001001001
1700,0011101001111000
1701,0011101001111001
1702,0001100001001100
1703,0001100001001101
1705,0011101001111010
1707,0011101001111011
1708,0001100001010000
1710,0011101001111100
1715,0001100001010010
1716,0011101001111101
1718,0001100001010011
1719,0001100001010100
1722,0011101010000000
1723,0001100001010101
1724,0001100001011000
1725,0011101010000001
1731,0001100001011001
1732,0001100001011110
1733,0001100001011111
1734,0001100001100000
1738,0001100001100001
1741,0001100001100110
1747,0001100001101100
1749,0001100001101101
1751,0001100001110000
1754,0011101010000100
1765,0001100010000000
1772,0011101010000101
1774,0001100010000011
1776,0001100010000110
1779,0001100010000111
1781,0001100010001010
1788,0001100010010010
1789,0001100010010011
1792,0011101010001100
1798,0001100010011001
1800,0011101010001101
1801,0001100010100000
1809,0011101010010010
1810,0001100010101010
1811,0001100010101011
1812,0011101010010011
1813,0001100010101100
1814,0011101010010100
1818,0001100010101101
1821,0001100010101111
1822,0011101010010101
1827,0011101010011100
1828,0011101010011101
1835,0001100010110011
1838,0011101010100000
1840,0011101010100001
1841,0001100010111110
1847,0011101010100100
1851,0011101010100101
1860,0011101010101100
1861,0001100011000110
1862,0001100011000111
1863,0001100011010000
1868,0001100011010001
1871,0001100011011100
1875,0001100011011101
1879,0011101010101101
1883,0001100011100011
1886,0011101010110100
1890,0011101010110101
1891,0011101010110110
1894,0001100011110010
1901,0011101010110111
1902,0001100011110011
1903,0001100011110110
1910,0011101011000000
1914,0011101011000001
1918,0001100011110111
1921,0011101011000110
1924,0011101011000111
1928,0011101011001000
1932,0001100100000010
1942,0011101011001001
1949,0011101011010010
1954,0011101011010011
1958,0001100100000011
1961,0011101011011100
1969,0011101011011101
1980,0011101011100100
2084,0011101011100101
2087,0011101100010100
2092,0001100110011010
2093,0001100110011011
2095,0001100110011100
2096,0011101100010101
2103,0011101100011010
2108,0001100110101000
2109,0011101100011011
2111,0001100110101001
2112,0001100110101010
2114,0011101100011110
2116,0001100110110000
2117,0011101100011111
2118,0001100110110001
2122,0011101100100000
2124,0001100110110110
2125,0001100110110111
2127,0011101100100001
2128,0001100110111010
2129,0011101100100010
2134,0001100110111100
2136,0001100110111101
2138,0011101100100011
2140,0011101100100110
2142,0011101100100111
2147,0001100111001001
2173,0001100111001111
2191,0001100111010010
2196,0001100111010100
2206,0001100111010111
2217,0001100111011001
2231,0001100111011011
2259,0001100111100001
2262,0001100111100010
2279,0001100111100110
2282,0001100111101000
2290,0001100111101010
2293,0001100111101011
2302,0001100111101101
2317,0001100111110001
2344,0011101100101000
2361,0001100111110111
2368,0001100111111001
2378,0001100111111100
2384,0001100111111110
2404,0001101000000001
2414,0001101000000011
2433,0001101000000111
2438,0001101000001000
2440,0001101000001001
2442,0001101000001011
2447,0001101000001100
2463,0001101000010000
2466,0001101000010001
2471,0011101100101001
2472,0001101000010010
2476,0001101000010100
2482,0001101000010110
2487,0001101000011000
2488,0001101000011001
2491,0001101000011010
2492,0001101000011011
2493,0001101000011100
2508,0001101000100000
2522,0001101000100100
2524,0001101000100101
2534,0001101000101000
2535,0001101000101001
2537,0001101000101010
2538,0011101100101010
2548,0001101000101100
2564,0011101100101011
2575,0001101000110010
2577,0001101000110011
2579,0001101000110100
2586,0001101000110111
2587,0001101000111000
2588,0001101000111001
2602,0001101000111100
2606,0011101100101100
2608,0011101100101101
2616,0011101100101110
2629,0001101001000011
2632,0001101001000101
2633,0001101001000110
2643,0001101001001000
2655,0001101001001010
2657,0001101001001011
2659,0001101001001100
2681,0001101001010001
2701,0001101001010110
2707,0001101001010111
2710,0001101001011001
2714,0001101001011011
2719,0001101001011101
2721,0001101001011110
2731,0001101001100001
2753,0001101001100101
2762,0001101001101000
2765,0001101001101001
2767,0001101001101010
2769,0001101001101100
2775,0001101001101110
2792,0011101100101111
2797,0001101001110010
2822,0011101100110000
2828,0011101100110001
2829,0001101001110111
2832,0001101001111001
2833,0001101001111010
2842,0001101001111110
2858,0001101010000001
2859,0001101010000010
2866,0001101010000011
2868,0001101010000100
2873,0011101100110010
2883,0011101100110011
2891,0001101010001011
2929,0001101010010000
2948,0001101010010011
2997,0001101010011100
3665,0001101010110101
3795,0001101010111010
3824,0001101010111101
3885,0001101011000011
3915,0001101011001001
3945,0001101011001110
3954,0001101011001111
3964,0001101011010010
3973,0001101011010101
3986,0001101011011001
3993,0001101011011011
3995,0001101011011100
4004,0001101011011110
4006,0001101011011111
4008,0001101011100000
4019,0011101100110100
4030,0001101011100101
4031,0001101011100110
4032,0001101011100111
4042,0001101011101010
4046,0001101011101100
4049,0001101011101110
4058,0001101011110010
4062,0001101011110100
4072,0001101011110111
4075,0001101011111001
4077,0001101011111100
4080,0011101100110101
4085,0001101011111101
4092,0001101100000000
4094,0001101100000001
4096,0011101100110110
4097,0001101100000010
4099,0001101100000011
4100,0001101100000100
4101,0011101100110111
4105,0001101100000110
4106,0001101100000111
4107,0001101100001000
4108,0001101100001001
4111,0001101100001010
4115,0001101100001011
4116,0001101100001100
4118,0011101100111000
4119,0001101100001101
4122,0001101100001110
4126,0011101100111001
4133,0001101100010011
4134,0001101100010110
4136,0011101100111010
4138,0001101100010111
4140,0001101100011010
4143,0001101100011100
4146,0001101100011101
4147,0001101100100000
4149,0011101100111011
4150,0011101100111100
4157,0001101100100110
4158,0001101100100111
4160,0011101100111101
4161,0001101100101000
4164,0011101100111110
4167,0001101100101101
4169,0011101100111111
4171,0001101100101110
4172,0001101100101111
4175,0011101101000010
4178,0001101100110101
4183,0001101100111000
4185,0011101101000011
4186,0001101100111001
4188,0001101100111110
4189,0011101101000100
4192,0011101101000101
4193,0001101101000000
4196,0001101101000001
4199,0001101101000110
4200,0001101101000111
7580,0001101101011101
7810,0001101101100101
7822,0001101101100110
7933,0001101101101110
7953,0001101101110000
8008,0001101101110101
8026,0001101101111000
8028,0001101101111001
8035,0001101101111011
8036,0001101101111100
8051,0001101101111111
8070,0001101110000110
8075,0001101110000111
8084,0001101110001001
8087,0011101101000110
8089,0001101110001011
8095,0001101110001101
8105,0001101110010000
8108,0001101110010001
8123,0001101110010101
8125,0001101110010110
8134,0001101110011001
8136,0001101110011010
8137,0001101110011011
8142,0001101110011101
8145,0011101101000111
8153,0001101110100010
8155,0001101110100011
8157,0001101110100101
8163,0001101110100111
8165,0011101101001000
8166,0011101101001001
8167,0001101110101001
8168,0001101110101010
8170,0001101110101011
8171,0011101101001010
8172,0001101110101100
8179,0001101110110000
8181,0001101110110010
8190,0001101110110111
8191,0001101110111000
8192,0001101110111001
8195,0001101110111100
8196,0011101101001011
8197,0001101110111101
8199,0011101101001110
8201,0001101110111111
8203,0001101111000000
8205,0001101111000001
8207,0001101111000101
8208,0001101111000110
8209,0011101101001111
8213,0011101101010000
8215,0011101101010001
8218,0001101111001110
8221,0001101111001111
8222,0001101111010000
8223,0001101111010001
8224,0011101101010010
8225,0011101101010011
8228,0001101111010011
8229,0011101101010100
8231,0011101101010101
8232,0001101111010100
8234,0011101101010110
8237,0011101101010111
8238,0001101111010110
8242,0011101101011010
8244,0011101101011011
8245,0001101111011000
8246,0001101111011001
8247,0011101101011100
8249,0011101101011101
8250,0001101111011010
8252,0001101111011100
8253,0001101111011101
8254,0011101101011110
8256,0001101111011110
8257,0011101101011111
8260,0001101111100000
8261,0011101110000000
8263,0001101111100001
8264,0011101110000001
8266,0001101111100100
8267,0011101110000010
8268,0001101111100101
8269,0001101111100110
8270,0001101111100111
8274,0001101111101001
8278,0001101111101110
8279,0011101110000011
8280,0011101110000100
8281,0011101110000101
8284,0011101110000110
8288,0011101110000111
8289,0011101110001000
8290,0001101111110001
8291,0001101111110010
8292,0011101110001001
8294,0011101110001010
8295,0011101110001011
8299,0011101110001100
8300,0001101111110011
8303,0001101111110111
8310,0011101110001101
8311,0001101111111011
8313,0001101111111100
8315,0011101110001110
8316,0011101110001111
8317,0001101111111101
8320,0001101111111111
8321,0010010000000000
8322,0010010000000001
8334,0010010000000110
8360,0010010000001101
8371,0010010000110001
8387,0010010000110110
8388,0010010000110111
8389,0010010110011000
8394,0010010110011010
8400,0010011110001100
48,00010100000011000
51,00010100000011001
53,00010100000100000
55,00010100000100001
57,00010100000100110
61,00010100000100111
62,00010100000101110
64,00010100000101111
66,00010100000110010
73,00010100000110011
79,00010100001000100
82,00010100001000101
83,00010100001001000
89,00010100001001001
91,00010100001001110
92,00010100001001111
93,00010100001010000
98,00010100001010001
101,00010100001011100
108,00010100001011101
112,00010100001100110
118,00010100001100111
120,00010100001101000
121,00010100001101001
122,00010100001101010
124,00010100001101011
128,00010100001110010
130,00010100001110011
138,00010100001111010
139,00010100001111011
147,00010100010000110
148,00010100010000111
149,00010100010001100
150,00010100010001101
151,00010100010001110
152,00010100010001111
162,00010100010011010
163,00010100010011011
165,00010100010011100
166,00010100010011101
167,00010100010011110
173,00010100010011111
177,00010100010100100
181,00010100010100101
184,00010100010110100
185,00010100010110101
186,00010100010110110
189,00010100010110111
190,00010100010111100
193,00010100010111101
194,00010100011000000
195,00010100011000001
196,00010100011000010
201,00010100011000011
203,00010100011001000
213,00010100011001001
214,00010100011011000
216,00010100011011001
218,00010100011011010
220,00010100011011011
225,00010100011100010
226,00010100011100011
232,00010100011101010
236,00010100011101011
244,00010100011110110
245,00010100011110111
248,00010100011111010
256,00010100011111011
257,00010100100000110
258,00010100100000111
261,00010100100001010
262,00010100100001011
265,00010100100001110
271,00010100100001111
272,00010100100011010
273,00010100100011011
291,00010100100101010
300,00010100100101011
302,00010100101000000
304,00010100101000001
308,00010100101000010
309,00010100101000011
315,00010100101011000
316,00010100101011001
317,00010100101011010
318,00010100101011011
321,00010100101011110
326,00010100101011111
330,00010100101101000
333,00010100101101001
334,00010100101101100
335,00010100101101101
336,00010100101101110
337,00010100101101111
339,00010100101110000
345,00010100101110001
352,00010100101111010
354,00010100101111011
358,00010100101111100
364,00010100101111101
367,00010100110000010
368,00010100110000011
369,00010100110000100
372,00010100110000101
378,00010100110000110
379,00010100110000111
385,00010100110001110
387,00010100110001111
395,00010100110010110
398,00010100110010111
399,00010100110011010
404,00010100110011011
430,00010100111000110
431,00010100111000111
449,00010100111011010
451,00010100111011011
455,00010100111100110
459,00010100111100111
462,00010100111101010
471,00010100111101011
473,00010101000000000
477,00010101000000001
482,00010101000000110
483,00010101000000111
485,00010101000001010
491,00010101000001011
495,00010101000010110
499,00010101000010111
503,00010101000100010
507,00010101000100011
509,00010101000101000
510,00010101000101001
511,00010101000101010
526,00010101000101011
527,00010101000111110
534,00010101000111111
537,00010101001010000
538,00010101001010001
543,00010101001011000
545,00010101001011001
552,00010101001100000
556,00010101001100001
558,00010101001101000
559,00010101001101001
561,00010101001101010
566,00010101001101011
568,00010101001101110
572,00010101001101111
579,00010101001110010
583,00010101001110011
597,00010101010000110
606,00010101010000111
607,00010101010011000
612,00010101010011001
617,00010101010101010
619,00010101010101011
632,00010101011010000
643,00010101011010001
648,00010101011100000
649,00010101011100001
653,00010101011100110
658,00010101011100111
668,00010101011111100
671,00010101011111101
679,00010101011111110
680,00010101011111111
687,00010101100010010
689,00010101100010011
707,00010101100101110
725,00010101100101111
726,00010101100111100
764,00010101100111101
766,00010101101011110
767,00010101101011111
770,00010101110010000
1079,00010101110010001
1080,00010110000000010
1086,00010110000000011
1088,00010110110001000
1092,00010110110001001
1096,00010110110100010
1097,00010110110100011
1098,00010110110100100
1101,00010110110100101
1103,00010110110101010
1104,00010110110101011
1106,00010110110101100
1111,00010110110101101
1113,00010110110110100
1114,00010110110110101
1115,00010110110110110
1116,00010110110110111
1120,00010110110111010
1129,00010110110111011
1130,00010110111000100
1132,00010110111000101
1135,00010110111001110
1136,00010110111001111
1138,00010110111010010
1139,00010110111010011
1140,00010110111010100
1153,00010110111010101
1155,00010110111100110
1156,00010110111100111
1164,00010110111110100
1169,00010110111110101
1171,00010110111111110
1176,00010110111111111
1180,00010111000000110
1182,00010111000000111
1184,00010111000001010
1187,00010111000001011
1189,00010111000010100
1191,00010111000010101
1192,00010111000011000
1205,00010111000011001
1209,00010111000101000
1210,00010111000101001
1211,00010111000101010
1217,00010111000101011
1219,00010111000110100
1220,00010111000110101
1222,00010111000111000
1228,00010111000111001
1229,00010111000111100
1242,00010111000111101
1245,00010111001010000
1247,00010111001010001
1248,00010111001010010
1254,00010111001010011
1256,00010111001011110
1257,00010111001011111
1269,00010111001101100
1272,00010111001101101
1277,00010111001110100
1278,00010111001110101
1286,00010111001110110
1293,00010111001110111
1294,00010111010000110
1301,00010111010000111
1311,00010111010100100
1315,00010111010100101
1329,00010111010111110
1330,00010111010111111
1336,00010111011001010
1371,00010111011001011
1373,00010111011100010
1374,00010111011100011
1380,00010111011101000
1384,00010111011101001
1393,00010111011111100
1398,00010111011111101
1399,00010111100001100
1412,00010111100001101
1413,00010111100011100
1424,00010111100011101
1431,00010111100110010
1443,00010111100110011
1444,00010111101001100
1445,00010111101001101
1456,00010111101010110
1458,00010111101010111
1461,00010111101100100
1483,00010111101100101
1485,00010111110000110
1498,00010111110000111
1517,00010111110111110
1524,00010111110111111
1529,00010111111000110
1531,00010111111000111
1538,00010111111010100
1540,00010111111010101
1542,00010111111011000
1545,00010111111011001
1549,00010111111011100
1550,00010111111011101
1563,00010111111110010
1565,00010111111110011
1578,00011000000001100
1580,00011000000001101
1586,00011000000010110
1587,00011000000010111
1592,00011000000011100
1593,00011000000011101
1595,00011000000011110
1596,00011000000011111
1598,00011000000100010
1603,00011000000100011
1604,00011000000100110
1610,00011000000100111
1611,00011000000101110
1612,00011000000101111
1613,00011000000110000
1616,00011000000110001
1621,00011000000111010
1622,00011000000111011
1634,00011000001000110
1639,00011000001000111
1645,00011000001010000
1650,00011000001010001
1651,00011000001010010
1652,00011000001010011
1658,00011000001011000
1659,00011000001011001
1662,00011000001011010
1672,00011000001011011
1678,00011000001110100
1683,00011000001110101
1690,00011000010000100
1694,00011000010000101
1695,00011000010001100
1704,00011000010001101
1713,00011000010100010
1739,00011000010100011
1744,00011000011001110
1745,00011000011001111
1759,00011000011100010
1763,00011000011100011
1766,00011000100000010
1767,00011000100000011
1768,00011000100000100
1777,00011000100000101
1784,00011000100010110
1791,00011000100010111
1794,00011000100110000
1795,00011000100110001
1805,00011000101000010
1816,00011000101000011
1819,00011000101011100
1820,00011000101011101
1829,00011000101100100
1834,00011000101100101
1853,00011000101111110
1876,00011000101111111
1878,00011000111000100
2097,00011000111000101
2101,00011001100111010
2102,00011001100111011
2113,00011001101010110
2120,00011001101010111
2131,00011001101110110
2143,00011001101110111
2146,00011001110010000
2148,00011001110010001
2149,00011001110010100
2150,00011001110010101
2152,00011001110010110
2163,00011001110010111
2167,00011001110011100
2175,00011001110011101
2178,00011001110100000
2180,00011001110100001
2182,00011001110100010
2186,00011001110100011
2192,00011001110100110
2194,00011001110100111
2197,00011001110101010
2198,00011001110101011
2201,00011001110101100
2210,00011001110101101
2211,00011001110110000
2212,00011001110110001
2225,00011001110110100
2229,00011001110110101
2234,00011001110111000
2236,00011001110111001
2240,00011001110111010
2242,00011001110111011
2246,00011001110111100
2250,00011001110111101
2251,00011001110111110
2256,00011001110111111
2257,00011001111000000
2258,00011001111000001
2266,00011001111000110
2270,00011001111000111
2274,00011001111001000
2276,00011001111001001
2278,00011001111001010
2280,00011001111001011
2281,00011001111001110
2284,00011001111001111
2288,00011001111010010
2294,00011001111010011
2298,00011001111011000
2303,00011001111011001
2304,00011001111011100
2309,00011001111011101
2310,00011001111011110
2314,00011001111011111
2315,00011001111100000
2319,00011001111100001
2320,00011001111100100
2322,00011001111100101
2328,00011001111100110
2329,00011001111100111
2333,00011001111101000
2339,00011001111101001
2342,00011001111101010
2352,00011001111101011
2358,00011001111101100
2360,00011001111101101
2364,00011001111110000
2365,00011001111110001
2369,00011001111110100
2370,00011001111110101
2374,00011001111110110
2381,00011001111110111
2382,00011001111111010
2385,00011001111111011
2388,00011001111111110
2392,00011001111111111
2393,00011010000000000
2395,00011010000000001
2407,00011010000000100
2409,00011010000000101
2418,00011010000001000
2419,00011010000001001
2424,00011010000001010
2428,00011010000001011
2429,00011010000001100
2439,00011010000001101
2441,00011010000010100
2444,00011010000010101
2449,00011010000011010
2454,00011010000011011
2456,00011010000011100
2458,00011010000011101
2460,00011010000011110
2467,00011010000011111
2473,00011010000100110
2478,00011010000100111
2479,00011010000101010
2481,00011010000101011
2486,00011010000101110
2489,00011010000101111
2494,00011010000111010
2495,00011010000111011
2496,00011010000111100
2498,00011010000111101
2504,00011010000111110
2509,00011010000111111
2511,00011010001000010
2514,00011010001000011
2515,00011010001000100
2519,00011010001000101
2520,00011010001000110
2521,00011010001000111
2525,00011010001001100
2526,00011010001001101
2529,00011010001001110
2536,00011010001001111
2541,00011010001010110
2549,00011010001010111
2554,00011010001011010
2556,00011010001011011
2557,00011010001011100
2558,00011010001011101
2561,00011010001011110
2565,00011010001011111
2566,00011010001100000
2571,00011010001100001
2572,00011010001100010
2576,00011010001100011
2581,00011010001101010
2583,00011010001101011
2584,00011010001101100
2589,00011010001101101
2592,00011010001110100
2593,00011010001110101
2594,00011010001110110
2596,00011010001110111
2607,00011010001111010
2609,00011010001111011
2613,00011010001111100
2615,00011010001111101
2618,00011010001111110
2619,00011010001111111
2621,00011010010000000
2622,00011010010000001
2623,00011010010000010
2624,00011010010000011
2625,00011010010000100
2630,00011010010000101
2631,00011010010001000
2634,00011010010001001
2641,00011010010001110
2649,00011010010001111
2652,00011010010010010
2656,00011010010010011
2660,00011010010011010
2662,00011010010011011
2669,00011010010011100
2673,00011010010011101
2674,00011010010011110
2675,00011010010011111
2677,00011010010100000
2679,00011010010100001
2685,00011010010100100
2687,00011010010100101
2690,00011010010100110
2691,00011010010100111
2692,00011010010101000
2695,00011010010101001
2696,00011010010101010
2698,00011010010101011
2708,00011010010110000
2709,00011010010110001
2711,00011010010110100
2716,00011010010110101
2717,00011010010111000
2722,00011010010111001
2723,00011010010111110
2728,00011010010111111
2729,00011010011000000
2730,00011010011000001
2734,00011010011000100
2735,00011010011000101
2737,00011010011000110
2741,00011010011000111
2743,00011010011001000
2750,00011010011001001
2759,00011010011001100
2760,00011010011001101
2761,00011010011001110
2766,00011010011001111
2768,00011010011010110
2772,00011010011010111
2774,00011010011011010
2778,00011010011011011
2779,00011010011011110
2781,00011010011011111
2786,00011010011100000
2791,00011010011100001
2795,00011010011100010
2801,00011010011100011
2804,00011010011100110
2806,00011010011100111
2807,00011010011101000
2808,00011010011101001
2816,00011010011101010
2818,00011010011101011
2821,00011010011101100
2823,00011010011101101
2830,00011010011110000
2834,00011010011110001
2836,00011010011110110
2837,00011010011110111
2838,00011010011111000
2839,00011010011111001
2840,00011010011111010
2844,00011010011111011
2845,00011010011111110
2849,00011010011111111
2854,00011010100000000
2856,00011010100000001
2869,00011010100001010
2870,00011010100001011
2871,00011010100001100
2872,00011010100001101
2875,00011010100001110
2877,00011010100001111
2880,00011010100010000
2881,00011010100010001
2882,00011010100010010
2884,00011010100010011
2885,00011010100010100
2899,00011010100010101
2903,00011010100011000
2905,00011010100011001
2913,00011010100011010
2916,00011010100011011
2917,00011010100011100
2922,00011010100011101
2925,00011010100011110
2926,00011010100011111
2935,00011010100100010
2938,00011010100100011
2939,00011010100100100
2945,00011010100100101
2949,00011010100101000
2954,00011010100101001
2960,00011010100101010
2964,00011010100101011
2966,00011010100101100
2969,00011010100101101
2972,00011010100101110
2983,00011010100101111
2984,00011010100110100
2988,00011010100110101
2994,00011010100110110
2995,00011010100110111
3007,00011010100111010
3011,00011010100111011
3015,00011010100111100
3022,00011010100111101
3023,00011010100111110
3025,00011010100111111
3031,00011010101000000
3038,00011010101000001
3041,00011010101000010
3043,00011010101000011
3046,00011010101000100
3059,00011010101000101
3061,00011010101000110
3067,00011010101000111
3068,00011010101001000
3069,00011010101001001
3071,00011010101001010
3076,00011010101001011
3081,00011010101001100
3088,00011010101001101
3106,00011010101001110
3113,00011010101001111
3114,00011010101010000
3121,00011010101010001
3138,00011010101010010
3146,00011010101010011
3233,00011010101010100
3286,00011010101010101
3337,00011010101010110
3375,00011010101010111
3406,00011010101011000
3409,00011010101011001
3414,00011010101011010
3425,00011010101011011
3434,00011010101011100
3461,00011010101011101
3507,00011010101011110
3547,00011010101011111
3571,00011010101100000
3577,00011010101100001
3584,00011010101100010
3610,00011010101100011
3618,00011010101100100
3620,00011010101100101
3632,00011010101100110
3638,00011010101100111
3645,00011010101101000
3669,00011010101101001
3689,00011010101101100
3697,00011010101101101
3706,00011010101101110
3746,00011010101101111
3773,00011010101110000
3781,00011010101110001
3790,00011010101110010
3794,00011010101110011
3800,00011010101110110
3806,00011010101110111
3811,00011010101111000
3812,00011010101111001
3829,00011010101111100
3835,00011010101111101
3849,00011010101111110
3858,00011010101111111
3864,00011010110000000
3872,00011010110000001
3877,00011010110000010
3882,00011010110000011
3884,00011010110000100
3888,00011010110000101
3893,00011010110001000
3894,00011010110001001
3897,00011010110001010
3898,00011010110001011
3899,00011010110001100
3903,00011010110001101
3904,00011010110001110
3907,00011010110001111
3913,00011010110010000
3923,00011010110010001
3929,00011010110010100
3931,00011010110010101
3933,00011010110010110
3938,00011010110010111
3939,00011010110011000
3940,00011010110011001
3941,00011010110011010
3950,00011010110011011
3956,00011010110100000
3959,00011010110100001
3961,00011010110100010
3962,00011010110100011
3965,00011010110100110
3966,00011010110100111
3970,00011010110101000
3972,00011010110101001
3974,00011010110101100
3975,00011010110101101
3977,00011010110101110
3980,00011010110101111
3981,00011010110110000
3987,00011010110110001
3988,00011010110110100
3999,00011010110110101
4003,00011010110111010
4009,00011010110111011
4012,00011010111000010
4018,00011010111000011
4020,00011010111000100
4022,00011010111000101
4023,00011010111000110
4026,00011010111000111
4027,00011010111001000
4034,00011010111001001
4037,00011010111010000
4038,00011010111010001
4039,00011010111010010
4040,00011010111010011
4043,00011010111010110
4044,00011010111010111
4047,00011010111011010
4054,00011010111011011
4055,00011010111011110
4059,00011010111011111
4060,00011010111100110
4063,00011010111100111
4066,00011010111101010
4067,00011010111101011
4068,00011010111101100
4071,00011010111101101
4073,00011010111110000
4084,00011010111110001
4086,00011010111111100
4088,00011010111111101
4089,00011010111111110
4093,00011010111111111
4103,00011011000001010
4113,00011011000001011
4123,00011011000011110
4125,00011011000011111
4128,00011011000100100
4137,00011011000100101
4142,00011011000110110
4144,00011011000110111
4151,00011011001000010
4152,00011011001000011
4153,00011011001000100
4155,00011011001000101
4156,00011011001000110
4159,00011011001000111
4162,00011011001010010
4163,00011011001010011
4166,00011011001011000
4168,00011011001011001
4176,00011011001101000
4179,00011011001101001
4191,00011011001111110
4203,00011011001111111
4204,00011011010011000
4205,00011011010011001
4206,00011011010011010
4207,00011011010011011
4208,00011011010011100
4209,00011011010011101
4211,00011011010011110
4214,00011011010011111
4228,00011011010100000
4237,00011011010100001
4367,00011011010100010
5102,00011011010100011
5136,00011011010100100
5233,00011011010100101
5340,00011011010100110
5547,00011011010100111
5793,00011011010101000
5848,00011011010101001
5892,00011011010101010
5937,00011011010101011
6285,00011011010101100
6303,00011011010101101
6359,00011011010101110
7108,00011011010101111
7170,00011011010110000
7368,00011011010110001
7387,00011011010110010
7483,00011011010110011
7487,00011011010110100
7502,00011011010110101
7521,00011011010110110
7539,00011011010110111
7579,00011011010111000
7602,00011011010111001
7614,00011011010111100
7629,00011011010111101
7637,00011011010111110
7640,00011011010111111
7669,00011011011000000
7699,00011011011000001
7708,00011011011000010
7731,00011011011000011
7738,00011011011000100
7774,00011011011000101
7787,00011011011000110
7798,00011011011000111
7800,00011011011001000
7827,00011011011001001
7832,00011011011001110
7846,00011011011001111
7848,00011011011010000
7860,00011011011010001
7861,00011011011010010
7867,00011011011010011
7871,00011011011010100
7873,00011011011010101
7875,00011011011010110
7901,00011011011010111
7904,00011011011011000
7913,00011011011011001
7920,00011011011011010
7930,00011011011011011
7935,00011011011011110
7943,00011011011011111
7958,00011011011100010
7959,00011011011100011
7986,00011011011100100
7988,00011011011100101
7989,00011011011100110
8004,00011011011100111
8005,00011011011101000
8010,00011011011101001
8011,00011011011101100
8013,00011011011101101
8020,00011011011101110
8027,00011011011101111
8031,00011011011110100
8040,00011011011110101
8042,00011011011111010
8043,00011011011111011
8048,00011011011111100
8050,00011011011111101
8055,00011011100000000
8056,00011011100000001
8057,00011011100000010
8058,00011011100000011
8062,00011011100000100
8068,00011011100000101
8069,00011011100000110
8073,00011011100000111
8078,00011011100010000
8085,00011011100010001
8086,00011011100010100
8090,00011011100010101
8093,00011011100011000
8096,00011011100011001
8097,00011011100011100
8098,00011011100011101
8099,00011011100011110
8100,00011011100011111
8110,00011011100100100
8111,00011011100100101
8114,00011011100100110
8115,00011011100100111
8116,00011011100101000
8128,00011011100101001
8129,00011011100101110
8131,00011011100101111
8132,00011011100110000
8138,00011011100110001
8139,00011011100111000
8141,00011011100111001
8143,00011011100111100
8149,00011011100111101
8151,00011011100111110
8154,00011011100111111
8156,00011011101001000
8159,00011011101001001
8161,00011011101001100
8162,00011011101001101
8164,00011011101010000
8173,00011011101010001
8175,00011011101011010
8178,00011011101011011
8180,00011011101100010
8183,00011011101100011
8185,00011011101100110
8186,00011011101100111
8188,00011011101101100
8189,00011011101101101
8198,00011011101111100
8202,00011011101111101
8206,00011011110001000
8210,00011011110001001
8211,00011011110001110
8220,00011011110001111
8226,00011011110100100
8230,00011011110100101
8233,00011011110101010
8239,00011011110101011
8241,00011011110101110
8243,00011011110101111
8251,00011011110110110
8255,00011011110110111
8258,00011011110111110
8259,00011011110111111
8271,00011011111010000
8277,00011011111010001
8282,00011011111011110
8283,00011011111011111
8285,00011011111100000
8286,00011011111100001
8301,00011011111101100
8304,00011011111101101
8305,00011011111110100
8306,00011011111110101
8318,00011011111111100
8323,00011011111111101
8326,00100100000001000
8330,00100100000001001
8332,00100100000001010
8333,00100100000001011
8336,00100100000001110
8345,00100100000001111
8347,00100100000010000
8349,00100100000010001
8350,00100100000010010
8351,00100100000010011
8352,00100100000010100
8353,00100100000010101
8356,00100100000010110
8357,00100100000010111
8358,00100100000011000
8362,00100100000011001
8363,00100100000011100
8364,00100100000011101
8365,00100100000011110
8367,00100100000011111
8369,00100100001100000
8370,00100100001100001
8372,00100100001100100
8373,00100100001100101
8375,00100100001100110
8382,00100100001100111
8383,00100100001101000
8384,00100100001101001
8386,00100100001101010
8390,00100100001101011
8391,00100101100110010
8393,00100101100110011
8398,00100101100110110
8404,00100101100110111
8405,00100111100011010
8407,00100111100011011
