1,1
2,01
3,001100
4,001111
5,001010
6,001001
7,001110
8,001101
9,000110
10,000001
11,0010110
12,0010000
13,0000110
14,0000100
15,00101110
16,00011111
17,00001011
18,001000100
19,0010001011
20,00101111000
21,00001111000
22,00001110111
23,00001110101
24,001011110010
1025,000011100110
1029,000000011011
1030,000011101101
1032,000011100111
1033,000000011100
1035,000000011101
25,0000101011001
27,0010111100111
31,0010111101000
33,0000101011010
643,0000101011011
674,0000000000010
693,0001000101101
718,0000101011100
739,0000000000111
762,0000000001011
777,0000000001101
795,0000101011101
803,0000000010000
820,0001111011111
830,0000000010100
849,0001001000101
856,0001001001000
860,0000000010111
875,0000000011000
882,0000000011010
886,0000101011110
889,0001001001101
890,0001001001110
892,0001001010000
893,0000000011011
895,0000000011100
899,0000000011110
908,0001001010010
919,0000000100001
925,0001001010111
930,0001001011000
933,0001001011001
937,0010111101001
938,0001001011011
939,0000101011111
941,0000000100011
943,0001001011101
944,0000000100100
946,0000111000000
948,0000111000001
950,0000111000010
951,0001001011110
952,0000111000011
953,0000000100101
956,0000111000100
957,0000000100110
964,0000000101000
965,0000111000101
966,0001001011111
967,0010111101010
969,0001001100000
970,0010001101111
974,0001001100010
975,0010111101011
976,0001001100011
977,0001001100100
980,0000000101011
982,0010001010000
983,0000111000110
985,0000111000111
992,0000000101100
994,0001001100111
995,0010001010001
996,0001001101000
1000,0000111001000
1002,0000000101101
1004,0001001101010
1005,0010001010010
1006,0000000101110
1010,0001001101100
1011,0000000110000
1012,0001001101101
1016,0000111001001
1017,0000111001010
1018,0001001101110
1019,0000000110001
1021,0000000110010
1022,0000000110011
1024,0000111001011
1026,0001001110000
1027,0000000110100
1034,0000000110101
1036,0000000111100
1038,0010001010011
1052,0000111010000
1483,0000001010001
1679,0000111010001
1700,0000001011110
1813,0000001100101
1896,0000111010010
1906,0000001101100
1993,0000001110100
2016,0000111010011
2028,0000111011000
2033,0000001111001
2042,0001011101100
2062,0000001111100
2063,0001011110001
2525,0000101001001
8195,0000101010001
26,00100010101000
28,00101111011001
29,00001110110011
30,00001111001000
32,00101111011010
35,00100010101001
45,00001111001100
49,00001111001101
94,00001111010101
137,00001111011011
155,00001111011110
161,00001111100000
175,00001111100011
208,00001111101001
211,00001111101010
280,00100010101010
317,00010000000001
319,00100010101011
345,00010000000111
354,00010000001001
364,00010000001011
388,00010000010010
395,00010000010100
402,00010000010110
435,00010000011101
449,00010000100000
458,00010000100011
474,00101111110011
505,00010000101100
512,00101111110101
527,00100010101100
540,00010000110101
541,00010000110110
543,00010000110111
544,00010000111000
552,00100010101101
554,00010000111011
573,00010001000000
610,00100010101110
631,00100010101111
647,00101111111111
656,00000000000000
658,00000000000001
659,00000000000010
670,00100011000000
673,00000000000011
675,00100011000001
676,00000000000110
678,00000000000111
683,00000000001000
691,00000000001001
710,00000000001010
717,00010001100001
721,00100011000010
724,00000000001011
730,00000000001100
731,00100011000011
738,00000000001101
740,00000000010000
741,00000000010001
742,00000000010010
743,00010001100110
745,00010001101000
749,00100011000100
750,00000000010011
754,00000000010100
756,00010001101011
760,00000000010101
761,00010001101101
769,00100011000101
772,00010001110000
773,00000000011000
774,00000000011001
778,00000000011100
781,00010001110010
782,00100011000110
783,00010001110011
784,00010001110100
785,00010001110101
794,00000000011101
796,00010001111001
797,00010001111010
800,00000000011110
802,00100011000111
805,00010001111101
806,00000000011111
807,00000000100010
808,00000000100011
809,00000000100100
811,00000000100101
814,00010001111111
818,00010010000001
821,00000000100110
824,00010010000011
825,00010010000100
826,00010010000101
828,00000000100111
829,00100011001000
832,00010010000111
838,00000000101010
839,00100011001001
840,00100011001010
843,00000000101011
844,00000000101100
846,00100011001011
847,00100011001100
848,00100011001101
853,00010010001101
857,00010010001111
861,00010010010011
864,00000000101101
867,00100011001110
872,00100011001111
876,00100011010000
879,00010010010111
880,00000000110010
881,00100011010001
883,00100011010010
884,00010010011000
888,00000000110011
894,00100011010011
898,00000000111010
900,00100011010100
901,00010010100010
905,00100011010101
906,00000000111011
910,00000000111110
911,00010010100111
912,00000000111111
914,00100011010110
915,00100011010111
916,00010010101000
917,00000001000000
923,00010010101011
924,00010010101100
926,00100011011000
929,00010010101101
931,00000001000001
932,00000001000100
942,00010010111000
945,00000001000101
949,00100011011001
955,00100011011010
958,00100011011011
959,00000001001110
962,00100011011100
963,00100011011101
971,00000001001111
972,00010011000010
973,00000001010010
978,00000001010011
979,00000001010100
981,00100011100000
986,00010011001010
987,00010011001011
988,00100011100001
989,00010011001100
990,00010011001101
993,00100011100010
997,00010011010010
998,00100011100011
999,00100011100100
1001,00000001010101
1003,00010011010011
1007,00000001011110
1009,00010011010110
1013,00010011010111
1014,00100011100101
1015,00000001011111
1020,00010011011110
1023,00100011100110
1028,00100011100111
1031,00100011101000
1039,00100011101001
1041,00010011100010
1042,00000001111010
1043,00000001111011
1044,00100011101010
1045,00010011100011
1046,00100011101011
1047,00100011101100
1048,00100011101101
1049,00010011100100
1051,00010011100101
1054,00000001111100
1055,00000001111101
1056,00010011100111
1057,00000001111110
1058,00010011101000
1059,00000001111111
1061,00000010000000
1064,00000010000001
1070,00010011101011
1073,00010011101100
1076,00100011101110
1081,00000010000010
1093,00000010000011
1095,00000010000100
1097,00000010000101
1102,00000010000110
1111,00010011110101
1118,00010011110111
1122,00010011111001
1123,00000010000111
1140,00000010001000
1153,00010100000000
1160,00010100000010
1162,00000010001001
1170,00010100000101
1180,00000010001010
1185,00000010001011
1202,00000010001100
1203,00100011101111
1225,00000010001101
1235,00010100010110
1239,00010100010111
1250,00000010001110
1252,00100011110000
1253,00000010001111
1287,00000010010000
1299,00000010010001
1302,00000010010010
1303,00000010010011
1342,00000010010100
1350,00010100101110
1360,00100011110001
1373,00010100110101
1377,00000010010101
1382,00000010010110
1383,00010100111000
1409,00000010010111
1410,00000010011000
1414,00000010011001
1416,00000010011010
1417,00000010011011
1422,00010101000000
1434,00010101000011
1440,00010101000110
1441,00000010011100
1457,00010101001011
1470,00000010011101
1474,00000010011110
1476,00010101001111
1479,00000010011111
1480,00000010100000
1490,00000010100001
1499,00000010100100
1511,00000010100101
1515,00000010100110
1521,00000010100111
1529,00000010101000
1532,00100011110010
1535,00010101011011
1536,00000010101001
1537,00000010101010
1538,00000010101011
1543,00010101011100
1547,00000010101100
1548,00000010101101
1552,00000010101110
1570,00000010101111
1589,00010101100110
1591,00000010110000
1602,00010101101000
1623,00010101101100
1636,00000010110001
1637,00000010110010
1643,00010101110000
1651,00000010110011
1655,00000010110100
1657,00000010110101
1663,00000010110110
1664,00000010110111
1675,00010101110111
1676,00000010111000
1681,00010101111001
1682,00000010111001
1691,00100011110011
1693,00000010111010
1698,00000010111011
1699,00010101111100
1716,00000010111110
1720,00010110000000
1725,00000010111111
1730,00000011000000
1742,00000011000001
1746,00010110000111
1748,00000011000010
1756,00000011000011
1757,00100011110100
1766,00000011000100
1782,00010110010000
1785,00010110010010
1790,00000011000101
1796,00000011000110
1799,00000011000111
1800,00010110010101
1802,00010110010110
1805,00000011001000
1809,00010110011000
1818,00000011001001
1819,00000011001100
1824,00000011001101
1825,00010110011100
1826,00010110011101
1829,00010110011110
1830,00000011001110
1837,00000011001111
1844,00010110100011
1845,00000011010000
1846,00010110100100
1854,00000011010001
1856,00000011010010
1861,00000011010011
1882,00010110101110
1895,00000011010100
1898,00010110110010
1899,00000011010101
1901,00000011010110
1903,00010110110100
1904,00010110110101
1905,00010110110110
1907,00000011010111
1911,00010110111000
1912,00010110111001
1918,00010110111011
1923,00000011011010
1929,00000011011011
1932,00010110111110
1934,00000011011100
1936,00000011011101
1941,00010111000001
1942,00100011110101
1945,00000011011110
1947,00000011011111
1951,00010111000011
1953,00000011100000
1963,00000011100001
1968,00000011100010
1974,00000011100011
1978,00000011100100
1987,00000011100101
1990,00000011100110
1996,00000011100111
1997,00000011101010
2000,00010111001110
2008,00000011101011
2009,00000011101100
2012,00000011101101
2014,00000011101110
2017,00100011110110
2018,00100011110111
2023,00010111010011
2024,00010111010100
2025,00000011101111
2027,00100011111000
2029,00100011111001
2030,00000011110000
2032,00000011110001
2040,00000011110100
2041,00100011111010
2044,00100011111011
2048,00000011110101
2049,00100011111100
2050,00010111011011
2053,00000011110110
2055,00010111011101
2057,00100011111101
2060,00010111011111
2064,00100011111110
2065,00010111100001
2077,00000011110111
2079,00000011111010
2081,00000011111011
2083,00000011111100
2085,00000011111101
2089,00000011111110
2091,00000011111111
2110,00001010000000
2116,00100011111111
2118,00001010000001
2125,00001010000010
2135,00001010000011
2138,00010111110011
2147,00001010000100
2153,00010111110111
2185,00001010000101
2201,00001010000110
2255,00001010000111
2278,00001010001000
2281,00001010001001
2289,00101111001100
2359,00001010001010
2368,00011100011010
2385,00011100011110
2405,00001010001011
2423,00001010001100
2441,00001010001101
2470,00001010001110
2512,00001010001111
2517,00001010010000
2586,00001010010001
2589,00011100111100
2608,00001010010100
2613,00001010010101
2653,00001010010110
2657,00001010010111
2672,00001010011000
2711,00001010011001
2825,00001010011010
8081,00001010011011
8101,00001010011100
8132,00011110010001
8140,00001010011101
8161,00001010011110
8173,00101111001101
8180,00001010011111
8181,00001010100000
8193,00001010100001
8202,00001010100100
8213,00011110100000
8214,00001010100101
8216,00001010100110
8222,00011110100100
8232,00001010100111
8248,00001010101000
8257,00001010101001
8272,00001010101010
8296,00011110110011
8299,00011110110101
8300,00011110110110
8301,00001010101011
8304,00001010101100
8305,00101111011000
8307,00001010101101
8310,00001010101110
8317,00001010101111
8320,00001010110000
8321,00011110111010
8334,00001010110001
8336,00001110110010
34,000011110010010
36,000011110010011
40,001011110110110
41,001011110110111
43,000011110010101
44,000011110010110
46,001011110111000
50,001011110111001
56,001011110111010
61,000011110011101
62,000011110011110
77,000011110100001
78,000011110100010
82,000011110100100
85,000011110100101
89,001011110111011
91,000011110100111
103,000011110101100
108,000011110101110
123,001011110111100
125,000011110110001
127,001011110111101
128,000011110110011
130,000011110110100
133,001011110111110
139,001011110111111
141,001011111000000
143,000011110111000
150,001011111000001
151,000011110111011
154,001011111000010
160,000011110111110
167,000011111000010
170,000011111000011
173,000011111000100
174,000011111000101
178,000011111001000
183,001011111000011
186,000011111001011
189,000011111001100
207,001011111000100
222,000011111011000
224,000011111011010
225,000011111011011
229,000011111011100
234,000011111011110
244,000011111100010
246,000011111100011
249,000011111100101
250,000011111100110
251,000011111100111
252,000011111101000
256,000011111101001
267,000011111101100
269,001011111000101
275,000011111101111
276,001011111000110
278,000011111110000
281,000011111110001
282,000011111110010
283,000011111110011
284,000011111110100
285,000011111110101
291,001011111000111
292,001011111001000
295,001011111001001
298,000011111111001
307,000011111111011
308,000011111111100
310,000011111111101
312,000011111111111
313,000100000000000
314,001011111001010
318,000100000000001
322,001011111001011
323,001011111001100
326,000100000000110
327,001011111001101
331,000100000001000
334,000100000001001
335,001011111001110
337,000100000001010
340,001011111001111
341,001011111010000
343,001011111010001
344,000100000001100
346,001011111010010
347,000100000001101
348,001011111010011
351,001011111010100
353,001011111010101
355,000100000010001
358,000100000010100
365,000100000011000
366,000100000011001
367,000100000011010
371,000100000011100
372,000100000011101
373,001011111010110
376,000100000011110
378,000100000011111
380,000100000100000
383,000100000100010
384,001011111010111
387,000100000100011
396,000100000101010
401,001011111011000
409,000100000101110
410,001011111011001
411,001011111011010
412,001011111011011
413,001011111011100
415,000100000101111
416,000100000110000
422,000100000110011
423,001011111011101
424,000100000110100
426,001011111011110
427,000100000110101
431,000100000110111
432,000100000111000
433,001011111011111
436,001011111100000
438,001011111100001
439,000100000111100
440,001011111100010
448,001011111100011
454,000100001000011
455,000100001000100
461,000100001001001
465,000100001001010
468,000100001001100
471,001011111100100
473,001011111100101
482,000100001010000
484,001011111101000
485,000100001010001
493,001011111101001
500,000100001010101
503,000100001010111
508,000100001011011
509,000100001011100
514,000100001011110
520,000100001100000
522,000100001100001
523,000100001100010
524,001011111101100
525,001011111101101
528,000100001100011
529,000100001100100
530,001011111101110
531,001011111101111
542,000100001101001
545,000100001110010
546,001011111110000
547,000100001110011
548,000100001110100
549,000100001110101
551,001011111110001
553,001011111110010
555,000100001111000
557,000100001111001
560,000100001111011
561,000100001111100
562,001011111110011
575,000100010000011
579,000100010000101
581,001011111110100
585,000100010001000
586,000100010001001
587,000100010001010
589,001011111110101
591,000100010001011
596,001011111110110
598,000100010001101
599,001011111110111
601,001011111111000
602,000100010001110
604,000100010010000
606,000100010010001
607,000100010010010
608,000100010010011
609,001011111111001
614,001011111111010
617,000100010010101
624,001011111111011
625,000100010010111
626,000100010011000
630,001011111111100
635,000100010011011
636,000100010011100
641,000100010011110
642,000100010011111
644,000100010100000
652,001011111111101
662,000100010100100
664,000100010100101
669,000100010100111
671,000100010101000
680,000100010101010
686,000100010101101
687,000100010101110
692,000100010110000
695,000100010110001
696,000100010110010
698,000100010111000
700,000100010111001
711,000100010111101
712,000100010111110
716,000100011000000
734,000100011001000
735,000100011001001
736,000100011001010
744,000100011001110
747,000100011001111
752,000100011010011
753,000100011010100
755,000100011010101
759,000100011011001
763,000100011011100
775,000100011011111
776,000100011100010
780,000100011100011
787,000100011101100
788,000100011101101
789,000100011101110
790,000100011101111
793,000100011110001
804,000100011111000
810,000100011111001
812,000100011111100
813,000100011111101
815,000100100000000
819,000100100000100
831,000100100001100
834,000100100001101
835,000100100010000
845,000100100010010
850,000100100010011
854,000100100011001
855,000100100011100
858,000100100011101
859,000100100100100
863,000100100100101
866,000100100101001
873,000100100101011
878,000100100101101
885,000100100110010
891,000100100111100
896,000100100111101
897,000100100111110
902,000100100111111
904,000100101000110
907,000100101000111
909,000100101001100
913,000100101001101
918,000100101010010
922,000100101010100
928,000100101010101
934,000100101101000
935,000100101101001
936,000100101101010
961,000100101110010
968,000100101110011
984,000100110000110
1037,000100110111110
1040,000100110111111
1060,000100111001101
1066,000100111010011
1069,000100111010100
1072,000100111010101
1074,000100111011010
1075,000100111011011
1086,000100111011110
1087,000100111011111
1094,000100111100001
1096,000100111100010
1103,000100111100101
1104,000100111100110
1105,000100111100111
1107,000100111101000
1108,000100111101001
1115,000100111101101
1125,000100111110001
1127,000100111110100
1130,000100111110110
1137,000100111110111
1138,000100111111000
1142,000100111111001
1149,000100111111101
1150,000100111111110
1151,000100111111111
1158,000101000000011
1164,000101000000110
1176,000101000001101
1177,000101000001110
1183,000101000010000
1186,000101000010001
1200,000101000010111
1204,000101000011000
1205,000101000011001
1207,000101000011011
1209,000101000011100
1211,000101000011101
1213,000101000011111
1214,000101000100000
1222,000101000100011
1224,000101000100100
1227,000101000100110
1229,000101000100111
1231,000101000101000
1232,000101000101001
1241,000101000110000
1242,000101000110001
1243,000101000110010
1244,000101000110011
1251,000101000110101
1263,000101000110111
1264,000101000111000
1265,000101000111001
1267,000101000111010
1277,000101000111101
1279,000101000111110
1283,000101001000000
1292,000101001000010
1294,000101001000011
1295,000101001000100
1305,000101001000110
1310,000101001001000
1311,000101001001001
1313,000101001001010
1317,000101001001100
1321,000101001001101
1324,000101001001111
1328,000101001010000
1331,000101001010010
1333,000101001010011
1335,000101001010100
1341,000101001010111
1343,000101001011000
1345,000101001011001
1348,000101001011010
1349,000101001011011
1351,000101001011110
1353,000101001011111
1355,000101001100001
1357,000101001100010
1361,000101001100011
1364,000101001100101
1368,000101001100111
1370,000101001101000
1372,000101001101001
1374,000101001101100
1380,000101001101101
1381,000101001101110
1385,000101001110010
1387,000101001110011
1390,000101001110101
1392,000101001110110
1398,000101001111000
1399,000101001111001
1402,000101001111010
1415,000101001111100
1419,000101001111101
1431,000101010000011
1432,000101010000100
1435,000101010000101
1437,000101010001001
1438,000101010001010
1439,000101010001011
1445,000101010001111
1454,000101010010011
1458,000101010010101
1464,000101010011001
1467,000101010011011
1481,000101010011101
1487,000101010100001
1493,000101010100011
1494,000101010100100
1496,000101010100101
1512,000101010101010
1516,000101010101100
1523,000101010101111
1528,000101010110010
1533,000101010110011
1534,000101010110100
1546,000101010111011
1549,000101010111100
1555,000101010111110
1557,000101010111111
1559,000101011000000
1568,000101011000010
1569,000101011000011
1575,000101011000101
1577,000101011000110
1583,000101011001000
1585,000101011001001
1594,000101011001011
1601,000101011001111
1612,000101011010011
1615,000101011010100
1617,000101011010101
1621,000101011010111
1624,000101011011010
1630,000101011011100
1646,000101011100010
1650,000101011100100
1652,000101011100101
1656,000101011100110
1665,000101011101000
1669,000101011101010
1677,000101011101101
1680,000101011110000
1694,000101011110101
1695,000101011110110
1707,000101011111011
1718,000101011111111
1728,000101100000010
1731,000101100000100
1732,000101100000101
1736,000101100000111
1737,000101100001000
1738,000101100001001
1741,000101100001011
1743,000101100001100
1752,000101100010000
1754,000101100010001
1755,000101100010010
1764,000101100010100
1767,000101100010101
1768,000101100010110
1772,000101100011000
1776,000101100011010
1779,000101100011100
1780,000101100011101
1783,000101100011111
1784,000101100100010
1795,000101100100111
1804,000101100101110
1807,000101100101111
1832,000101100111110
1833,000101100111111
1835,000101101000001
1836,000101101000010
1838,000101101000011
1839,000101101000100
1840,000101101000101
1848,000101101001011
1850,000101101001100
1852,000101101001110
1853,000101101001111
1858,000101101010001
1859,000101101010010
1860,000101101010011
1866,000101101010100
1867,000101101010101
1873,000101101010111
1879,000101101011010
1886,000101101011110
1888,000101101100000
1894,000101101100010
1897,000101101100011
1900,000101101100110
1902,000101101100111
1915,000101101110100
1917,000101101110101
1922,000101101111001
1931,000101101111011
1938,000101110000000
1944,000101110000100
1956,000101110001001
1957,000101110001010
1958,000101110001011
1960,000101110001100
1961,000101110001101
1965,000101110001111
1966,000101110010000
1971,000101110010010
1986,000101110010110
1994,000101110011001
1995,000101110011010
2001,000101110011110
2002,000101110011111
2004,000101110100000
2005,000101110100001
2013,000101110100011
2026,000101110101010
2034,000101110101011
2036,000101110101101
2037,000101110101110
2045,000101110110100
2047,000101110110101
2051,000101110111000
2052,000101110111001
2056,000101110111100
2058,000101110111101
2067,000101111000001
2070,000101111001001
2074,000101111001011
2080,000101111001100
2086,000101111001110
2090,000101111001111
2096,000101111010001
2099,000101111010011
2100,000101111010100
2103,000101111010110
2108,000101111010111
2113,000101111011010
2115,000101111011011
2120,000101111011101
2123,000101111011111
2129,000101111100001
2130,000101111100010
2141,000101111101000
2142,000101111101001
2144,000101111101010
2146,000101111101011
2155,000101111110000
2157,000101111110001
2158,000101111110010
2182,000101111110111
2183,000101111111000
2187,000101111111001
2191,000101111111011
2196,000101111111100
2208,000101111111111
2212,000111000000000
2218,000111000000011
2219,000111000000100
2224,000111000000110
2240,000111000001010
2257,000111000001110
2276,000111000010100
2284,000111000010110
2288,000111000010111
2293,000111000011001
2300,000111000011010
2316,000111000100000
2318,000111000100001
2320,000111000100011
2321,000111000100100
2323,000111000100101
2324,000111000100110
2341,000111000101011
2343,000111000101100
2345,000111000101101
2358,000111000110001
2367,000111000110011
2381,000111000111001
2397,000111000111111
2403,000111001000000
2413,000111001000100
2415,000111001000101
2444,000111001001101
2446,000111001001111
2447,000111001010000
2450,000111001010010
2472,000111001010110
2473,000111001010111
2481,000111001011010
2482,000111001011011
2493,000111001011110
2498,000111001100000
2506,000111001100010
2507,000111001100011
2513,000111001100101
2520,000111001100110
2562,000111001101110
2567,000111001110000
2570,000111001110001
2590,000111001110111
2595,000111001111010
2600,000111001111101
2623,000111010000010
2640,000111010000110
2641,000111010000111
2646,000111010001001
2651,000111010001011
2669,000111010001110
2697,000111010010100
2702,000111010010110
2705,000111010010111
2709,000111010011000
2718,000111010011010
2719,000111010011011
2755,000111010100001
2771,000111010100100
2776,000111010100110
2778,000111010100111
2789,000111010101010
2796,000111010101100
2797,000111010101101
2805,000111010101110
2806,000111010101111
2808,000111010110001
2811,000111010110010
2832,000111010111001
2841,000111010111011
2860,000111010111110
2865,000111010111111
2879,000111011000011
2898,000111011000101
2913,000111011001000
2969,000111011010010
2993,000111011010110
3012,000111011011011
3069,000111011011111
3081,000111011100010
3102,000111011100011
3110,000111011100101
8048,000111100001011
8056,000111100001101
8080,000111100010010
8084,000111100010100
8095,000111100010110
8100,000111100011000
8105,000111100011001
8111,000111100011011
8127,000111100011111
8130,000111100100000
8131,000111100100001
8136,000111100100110
8141,000111100101000
8155,000111100101100
8159,000111100101110
8164,000111100110000
8167,000111100110001
8171,000111100110011
8187,000111100110111
8197,000111100111010
8200,000111100111011
8207,000111100111101
8211,000111100111111
8215,000111101000010
8219,000111101000100
8221,000111101000110
8227,000111101001011
8234,000111101001110
8236,000111101010000
8240,000111101010001
8241,000111101010010
8245,000111101010100
8253,000111101010111
8255,000111101011000
8267,000111101011011
8277,000111101011110
8283,000111101100000
8284,000111101100001
8288,000111101100011
8294,000111101100101
8298,000111101101001
8302,000111101101110
8309,000111101101111
8313,000111101110001
8314,000111101110010
8318,000111101110011
8323,000111101110111
8330,000111101111000
8332,000111101111010
8335,000111101111011
38,0000111100101000
47,0000111100101001
52,0000111100101110
53,0000111100101111
55,0000111100111000
63,0000111100111001
65,0000111100111110
72,0000111100111111
73,0000111101000000
76,0000111101000001
79,0000111101000110
84,0000111101000111
87,0000111101001100
88,0000111101001101
92,0000111101010000
97,0000111101010001
99,0000111101010010
101,0000111101010011
105,0000111101011010
109,0000111101011011
110,0000111101011110
112,0000111101011111
117,0000111101100000
121,0000111101100001
126,0000111101100100
129,0000111101100101
134,0000111101101010
138,0000111101101011
145,0000111101110010
146,0000111101110011
148,0000111101110100
156,0000111101110101
164,0000111101111110
172,0000111101111111
179,0000111110010010
181,0000111110010011
184,0000111110010100
185,0000111110010101
190,0000111110011010
194,0000111110011011
195,0000111110011100
198,0000111110011101
200,0000111110011110
202,0000111110011111
205,0000111110100000
209,0000111110100001
210,0000111110100010
212,0000111110100011
214,0000111110101100
215,0000111110101101
217,0000111110101110
220,0000111110101111
223,0000111110110010
230,0000111110110011
231,0000111110111010
232,0000111110111011
236,0000111110111110
237,0000111110111111
238,0000111111000000
240,0000111111000001
241,0000111111000010
242,0000111111000011
248,0000111111001000
254,0000111111001001
259,0000111111010100
260,0000111111010101
262,0000111111010110
265,0000111111010111
268,0000111111011010
271,0000111111011011
273,0000111111011100
279,0000111111011101
287,0000111111101100
288,0000111111101101
289,0000111111101110
290,0000111111101111
293,0000111111110000
294,0000111111110001
300,0000111111110100
304,0000111111110101
311,0000111111111100
316,0000111111111101
321,0001000000001000
324,0001000000001001
325,0001000000001010
328,0001000000001011
329,0001000000001110
336,0001000000001111
338,0001000000010110
350,0001000000010111
352,0001000000100000
360,0001000000100001
362,0001000000101010
363,0001000000101011
369,0001000000110110
375,0001000000110111
382,0001000001000010
390,0001000001000011
392,0001000001001100
393,0001000001001101
394,0001000001001110
400,0001000001001111
404,0001000001010110
408,0001000001010111
417,0001000001100010
419,0001000001100011
421,0001000001100100
425,0001000001100101
428,0001000001101100
429,0001000001101101
434,0001000001110010
437,0001000001110011
442,0001000001111010
444,0001000001111011
446,0001000001111100
447,0001000001111101
450,0001000001111110
451,0001000001111111
452,0001000010000100
453,0001000010000101
457,0001000010001010
459,0001000010001011
460,0001000010010000
464,0001000010010001
466,0001000010010110
467,0001000010010111
469,0001000010011010
472,0001000010011011
475,0001000010011100
476,0001000010011101
477,0001000010011110
488,0001000010011111
491,0001000010100100
492,0001000010100101
494,0001000010100110
496,0001000010100111
497,0001000010101000
498,0001000010101001
502,0001000010101100
504,0001000010101101
506,0001000010110100
510,0001000010110101
511,0001000010111010
513,0001000010111011
516,0001000010111110
526,0001000010111111
532,0001000011001010
533,0001000011001011
534,0001000011001100
535,0001000011001101
536,0001000011001110
537,0001000011001111
538,0001000011010000
556,0001000011010001
558,0001000011110100
563,0001000011110101
564,0001000011111010
566,0001000011111011
568,0001000011111100
569,0001000011111101
571,0001000011111110
572,0001000011111111
574,0001000100000100
576,0001000100000101
577,0001000100001000
580,0001000100001001
582,0001000100001100
583,0001000100001101
584,0001000100001110
590,0001000100001111
592,0001000100011000
595,0001000100011001
603,0001000100011110
605,0001000100011111
616,0001000100101000
618,0001000100101001
622,0001000100101100
623,0001000100101101
628,0001000100110010
629,0001000100110011
633,0001000100110100
634,0001000100110101
640,0001000100111010
651,0001000100111011
653,0001000101000010
654,0001000101000011
657,0001000101000100
660,0001000101000101
661,0001000101000110
665,0001000101000111
666,0001000101001100
667,0001000101001101
672,0001000101010010
679,0001000101010011
681,0001000101010110
684,0001000101010111
685,0001000101011000
688,0001000101011001
689,0001000101011110
694,0001000101011111
697,0001000101100110
699,0001000101100111
701,0001000101110100
703,0001000101110101
705,0001000101110110
706,0001000101110111
707,0001000101111000
708,0001000101111001
714,0001000101111110
715,0001000101111111
719,0001000110000010
720,0001000110000011
722,0001000110001000
725,0001000110001001
726,0001000110001010
727,0001000110001011
728,0001000110001100
729,0001000110001101
732,0001000110001110
733,0001000110001111
737,0001000110010110
746,0001000110010111
751,0001000110100100
757,0001000110100101
758,0001000110110000
764,0001000110110001
768,0001000110111010
770,0001000110111011
771,0001000110111100
779,0001000110111101
791,0001000111100000
792,0001000111100001
798,0001000111101100
799,0001000111101101
801,0001000111101110
816,0001000111101111
817,0001001000000010
822,0001001000000011
823,0001001000001010
827,0001001000001011
837,0001001000100010
841,0001001000100011
851,0001001000110000
852,0001001000110001
865,0001001001010000
868,0001001001010001
869,0001001001010100
870,0001001001010101
874,0001001001011000
877,0001001001011001
887,0001001001100110
903,0001001001100111
921,0001001010100110
927,0001001010100111
940,0001001011010110
947,0001001011010111
991,0001001100001110
1008,0001001100001111
1053,0001001110011000
1062,0001001110011001
1065,0001001110100100
1077,0001001110100101
1078,0001001110111000
1079,0001001110111001
1080,0001001110111010
1083,0001001110111011
1090,0001001111000000
1091,0001001111000001
1098,0001001111000110
1100,0001001111000111
1101,0001001111001000
1110,0001001111001001
1113,0001001111011000
1120,0001001111011001
1121,0001001111100000
1124,0001001111100001
1129,0001001111101010
1143,0001001111101011
1144,0001001111110100
1145,0001001111110101
1146,0001001111110110
1147,0001001111110111
1148,0001001111111000
1152,0001001111111001
1156,0001010000000100
1157,0001010000000101
1165,0001010000001110
1167,0001010000001111
1168,0001010000010000
1171,0001010000010001
1172,0001010000010010
1173,0001010000010011
1174,0001010000011000
1179,0001010000011001
1181,0001010000011110
1184,0001010000011111
1187,0001010000100100
1188,0001010000100101
1191,0001010000100110
1193,0001010000100111
1194,0001010000101000
1195,0001010000101001
1196,0001010000101010
1197,0001010000101011
1198,0001010000101100
1199,0001010000101101
1206,0001010000110100
1210,0001010000110101
1212,0001010000111100
1216,0001010000111101
1217,0001010001000010
1219,0001010001000011
1220,0001010001000100
1221,0001010001000101
1226,0001010001001010
1230,0001010001001011
1233,0001010001010100
1234,0001010001010101
1237,0001010001010110
1238,0001010001010111
1245,0001010001101000
1247,0001010001101001
1257,0001010001101100
1261,0001010001101101
1268,0001010001110110
1271,0001010001110111
1275,0001010001111000
1280,0001010001111001
1281,0001010001111110
1285,0001010001111111
1286,0001010010000010
1290,0001010010000011
1300,0001010010001010
1304,0001010010001011
1306,0001010010001110
1307,0001010010001111
1314,0001010010010110
1316,0001010010010111
1323,0001010010011100
1325,0001010010011101
1330,0001010010100010
1332,0001010010100011
1338,0001010010101010
1339,0001010010101011
1340,0001010010101100
1344,0001010010101101
1354,0001010011000000
1362,0001010011000001
1363,0001010011001000
1365,0001010011001001
1367,0001010011001100
1375,0001010011001101
1384,0001010011011110
1386,0001010011011111
1388,0001010011101000
1394,0001010011101001
1396,0001010011101110
1400,0001010011101111
1405,0001010011110110
1418,0001010011110111
1421,0001010011111100
1425,0001010011111101
1427,0001010011111110
1428,0001010011111111
1429,0001010100000100
1433,0001010100000101
1436,0001010100010000
1442,0001010100010001
1443,0001010100011100
1444,0001010100011101
1446,0001010100100000
1449,0001010100100001
1450,0001010100100010
1451,0001010100100011
1452,0001010100100100
1453,0001010100100101
1455,0001010100101000
1456,0001010100101001
1460,0001010100110000
1461,0001010100110001
1466,0001010100110100
1468,0001010100110101
1469,0001010100111000
1475,0001010100111001
1484,0001010101000000
1485,0001010101000001
1489,0001010101000100
1491,0001010101000101
1501,0001010101001100
1502,0001010101001101
1503,0001010101001110
1505,0001010101001111
1506,0001010101010000
1507,0001010101010001
1508,0001010101010010
1509,0001010101010011
1513,0001010101010110
1514,0001010101010111
1518,0001010101011010
1519,0001010101011011
1520,0001010101011100
1522,0001010101011101
1525,0001010101100000
1526,0001010101100001
1527,0001010101100010
1531,0001010101100011
1539,0001010101101010
1542,0001010101101011
1544,0001010101110100
1551,0001010101110101
1553,0001010101111010
1561,0001010101111011
1562,0001010110000010
1566,0001010110000011
1574,0001010110001000
1578,0001010110001001
1580,0001010110001110
1582,0001010110001111
1586,0001010110010100
1590,0001010110010101
1598,0001010110011100
1604,0001010110011101
1608,0001010110100100
1613,0001010110100101
1618,0001010110101100
1620,0001010110101101
1626,0001010110110110
1628,0001010110110111
1633,0001010110111010
1635,0001010110111011
1639,0001010110111100
1642,0001010110111101
1645,0001010110111110
1647,0001010110111111
1648,0001010111000110
1654,0001010111000111
1658,0001010111001110
1660,0001010111001111
1666,0001010111010010
1667,0001010111010011
1670,0001010111010110
1671,0001010111010111
1674,0001010111011000
1678,0001010111011001
1684,0001010111100010
1685,0001010111100011
1687,0001010111101000
1689,0001010111101001
1696,0001010111101110
1702,0001010111101111
1704,0001010111110100
1708,0001010111110101
1710,0001010111111000
1711,0001010111111001
1712,0001010111111010
1713,0001010111111011
1715,0001010111111100
1724,0001010111111101
1729,0001011000000110
1734,0001011000000111
1735,0001011000001100
1739,0001011000001101
1740,0001011000010100
1744,0001011000010101
1747,0001011000011010
1751,0001011000011011
1758,0001011000100110
1760,0001011000100111
1770,0001011000101110
1771,0001011000101111
1773,0001011000110010
1774,0001011000110011
1777,0001011000110110
1778,0001011000110111
1781,0001011000111100
1787,0001011000111101
1788,0001011001000110
1792,0001011001000111
1794,0001011001001100
1797,0001011001001101
1798,0001011001010000
1801,0001011001010001
1803,0001011001010010
1808,0001011001010011
1810,0001011001100100
1811,0001011001100101
1812,0001011001100110
1814,0001011001100111
1815,0001011001101000
1817,0001011001101001
1820,0001011001101010
1821,0001011001101011
1823,0001011001101100
1827,0001011001101101
1828,0001011001101110
1831,0001011001101111
1834,0001011010000000
1842,0001011010000001
1847,0001011010010100
1849,0001011010010101
1851,0001011010011010
1855,0001011010011011
1857,0001011010100000
1864,0001011010100001
1868,0001011010101100
1872,0001011010101101
1874,0001011010110000
1877,0001011010110001
1878,0001011010110010
1881,0001011010110011
1884,0001011010110110
1885,0001011010110111
1887,0001011010111110
1890,0001011010111111
1891,0001011011000010
1908,0001011011000011
1910,0001011011011100
1913,0001011011011101
1914,0001011011011110
1916,0001011011011111
1919,0001011011110000
1920,0001011011110001
1926,0001011011110100
1930,0001011011110101
1933,0001011011111100
1935,0001011011111101
1937,0001011011111110
1939,0001011011111111
1940,0001011100000010
1943,0001011100000011
1946,0001011100001010
1948,0001011100001011
1952,0001011100010000
1959,0001011100010001
1962,0001011100011100
1964,0001011100011101
1969,0001011100100010
1970,0001011100100011
1977,0001011100100110
1979,0001011100100111
1981,0001011100101000
1983,0001011100101001
1984,0001011100101010
1985,0001011100101011
1988,0001011100101110
1989,0001011100101111
1992,0001011100110000
1998,0001011100110001
1999,0001011100110110
2003,0001011100110111
2006,0001011101000100
2015,0001011101000101
2020,0001011101001000
2021,0001011101001001
2022,0001011101001010
2031,0001011101001011
2035,0001011101011000
2038,0001011101011001
2039,0001011101011110
2043,0001011101011111
2061,0001011110000000
2066,0001011110000001
2068,0001011110010000
2069,0001011110010001
2072,0001011110010100
2076,0001011110010101
2082,0001011110011010
2088,0001011110011011
2094,0001011110100000
2095,0001011110100001
2098,0001011110100100
2101,0001011110100101
2102,0001011110101010
2105,0001011110101011
2109,0001011110110000
2111,0001011110110001
2112,0001011110110010
2117,0001011110110011
2119,0001011110111000
2121,0001011110111001
2122,0001011110111100
2124,0001011110111101
2127,0001011111000000
2128,0001011111000001
2131,0001011111000110
2132,0001011111000111
2137,0001011111001000
2139,0001011111001001
2140,0001011111001010
2148,0001011111001011
2149,0001011111011000
2150,0001011111011001
2152,0001011111011010
2160,0001011111011011
2163,0001011111100110
2164,0001011111100111
2167,0001011111101000
2168,0001011111101001
2172,0001011111101010
2174,0001011111101011
2176,0001011111101100
2180,0001011111101101
2188,0001011111110100
2194,0001011111110101
2197,0001011111111010
2199,0001011111111011
2202,0001011111111100
2204,0001011111111101
2213,0001110000000010
2214,0001110000000011
2217,0001110000000100
2220,0001110000000101
2222,0001110000001010
2226,0001110000001011
2227,0001110000001110
2229,0001110000001111
2230,0001110000010000
2232,0001110000010001
2233,0001110000010010
2238,0001110000010011
2242,0001110000010110
2244,0001110000010111
2245,0001110000011000
2247,0001110000011001
2253,0001110000011010
2256,0001110000011011
2258,0001110000011110
2260,0001110000011111
2263,0001110000100000
2268,0001110000100001
2269,0001110000100010
2270,0001110000100011
2273,0001110000100100
2274,0001110000100101
2275,0001110000100110
2282,0001110000100111
2283,0001110000101010
2287,0001110000101011
2291,0001110000110000
2295,0001110000110001
2301,0001110000110110
2302,0001110000110111
2304,0001110000111000
2306,0001110000111001
2307,0001110000111010
2309,0001110000111011
2312,0001110000111100
2313,0001110000111101
2314,0001110000111110
2317,0001110000111111
2319,0001110001000100
2322,0001110001000101
2326,0001110001001110
2327,0001110001001111
2328,0001110001010000
2329,0001110001010001
2333,0001110001010010
2338,0001110001010011
2339,0001110001010100
2340,0001110001010101
2348,0001110001011100
2349,0001110001011101
2354,0001110001011110
2355,0001110001011111
2357,0001110001100000
2364,0001110001100001
2365,0001110001100100
2366,0001110001100101
2369,0001110001101100
2370,0001110001101101
2372,0001110001101110
2373,0001110001101111
2378,0001110001110000
2380,0001110001110001
2382,0001110001110100
2383,0001110001110101
2387,0001110001110110
2390,0001110001110111
2391,0001110001111100
2394,0001110001111101
2406,0001110010000010
2407,0001110010000011
2409,0001110010000100
2410,0001110010000101
2412,0001110010000110
2418,0001110010000111
2425,0001110010001100
2426,0001110010001101
2427,0001110010001110
2428,0001110010001111
2430,0001110010010000
2431,0001110010010001
2432,0001110010010010
2434,0001110010010011
2435,0001110010010100
2437,0001110010010101
2438,0001110010010110
2439,0001110010010111
2442,0001110010011000
2443,0001110010011001
2445,0001110010011100
2448,0001110010011101
2449,0001110010100010
2451,0001110010100011
2454,0001110010100110
2461,0001110010100111
2462,0001110010101000
2464,0001110010101001
2469,0001110010101010
2471,0001110010101011
2478,0001110010110000
2479,0001110010110001
2480,0001110010110010
2483,0001110010110011
2484,0001110010111000
2486,0001110010111001
2489,0001110010111010
2491,0001110010111011
2494,0001110010111110
2501,0001110010111111
2502,0001110011000010
2504,0001110011000011
2509,0001110011001000
2515,0001110011001001
2524,0001110011001110
2527,0001110011001111
2530,0001110011010000
2534,0001110011010001
2535,0001110011010010
2537,0001110011010011
2538,0001110011010100
2546,0001110011010101
2547,0001110011010110
2548,0001110011010111
2550,0001110011011000
2555,0001110011011001
2556,0001110011011010
2564,0001110011011011
2566,0001110011011110
2568,0001110011011111
2571,0001110011100100
2572,0001110011100101
2573,0001110011100110
2574,0001110011100111
2576,0001110011101000
2577,0001110011101001
2579,0001110011101010
2583,0001110011101011
2587,0001110011101100
2594,0001110011101101
2596,0001110011110110
2598,0001110011110111
2599,0001110011111000
2603,0001110011111001
2607,0001110011111100
2609,0001110011111101
2612,0001110011111110
2615,0001110011111111
2616,0001110100000000
2617,0001110100000001
2618,0001110100000010
2622,0001110100000011
2624,0001110100000110
2630,0001110100000111
2633,0001110100001000
2635,0001110100001001
2637,0001110100001010
2639,0001110100001011
2645,0001110100010000
2647,0001110100010001
2650,0001110100010100
2652,0001110100010101
2656,0001110100011000
2664,0001110100011001
2665,0001110100011010
2668,0001110100011011
2671,0001110100011110
2677,0001110100011111
2679,0001110100100000
2684,0001110100100001
2685,0001110100100010
2690,0001110100100011
2691,0001110100100100
2693,0001110100100101
2694,0001110100100110
2695,0001110100100111
2698,0001110100101010
2706,0001110100101011
2713,0001110100110010
2727,0001110100110011
2728,0001110100111000
2733,0001110100111001
2734,0001110100111010
2739,0001110100111011
2742,0001110100111100
2743,0001110100111101
2744,0001110100111110
2746,0001110100111111
2751,0001110101000000
2754,0001110101000001
2764,0001110101000100
2766,0001110101000101
2767,0001110101000110
2768,0001110101000111
2772,0001110101001010
2773,0001110101001011
2782,0001110101010000
2783,0001110101010001
2784,0001110101010010
2790,0001110101010011
2795,0001110101010110
2798,0001110101010111
2807,0001110101100000
2809,0001110101100001
2813,0001110101100110
2816,0001110101100111
2818,0001110101101000
2820,0001110101101001
2822,0001110101101010
2823,0001110101101011
2826,0001110101101100
2827,0001110101101101
2828,0001110101101110
2830,0001110101101111
2831,0001110101110000
2833,0001110101110001
2835,0001110101110100
2836,0001110101110101
2843,0001110101111000
2856,0001110101111001
2857,0001110101111010
2863,0001110101111011
2866,0001110110000000
2872,0001110110000001
2874,0001110110000010
2876,0001110110000011
2877,0001110110000100
2878,0001110110000101
2883,0001110110001000
2897,0001110110001001
2900,0001110110001100
2906,0001110110001101
2907,0001110110001110
2911,0001110110001111
2914,0001110110010010
2929,0001110110010011
2931,0001110110010100
2933,0001110110010101
2938,0001110110010110
2940,0001110110010111
2942,0001110110011000
2944,0001110110011001
2947,0001110110011010
2951,0001110110011011
2954,0001110110011100
2955,0001110110011101
2963,0001110110011110
2965,0001110110011111
2966,0001110110100000
2967,0001110110100001
2968,0001110110100010
2974,0001110110100011
2975,0001110110100110
2976,0001110110100111
2980,0001110110101000
2981,0001110110101001
2985,0001110110101010
2991,0001110110101011
2998,0001110110101110
2999,0001110110101111
3000,0001110110110000
3006,0001110110110001
3008,0001110110110010
3009,0001110110110011
3010,0001110110110100
3014,0001110110110101
3019,0001110110111000
3022,0001110110111001
3023,0001110110111010
3034,0001110110111011
3047,0001110110111100
3054,0001110110111101
3072,0001110111000000
3077,0001110111000001
3078,0001110111000010
3104,0001110111000011
3106,0001110111001000
3112,0001110111001001
3123,0001110111001100
3125,0001110111001101
3132,0001110111001110
3139,0001110111001111
3157,0001110111010000
3161,0001110111010001
3164,0001110111010010
3398,0001110111010011
3415,0001110111010100
3432,0001110111010101
3568,0001110111010110
3645,0001110111010111
3675,0001110111011000
3689,0001110111011001
3728,0001110111011010
3739,0001110111011011
3745,0001110111011100
3781,0001110111011101
3828,0001110111011110
3843,0001110111011111
3887,0001110111100000
3913,0001110111100001
3917,0001110111100010
3930,0001110111100011
3956,0001110111100100
3967,0001110111100101
3968,0001110111100110
3972,0001110111100111
3978,0001110111101000
4032,0001110111101001
4050,0001110111101010
4060,0001110111101011
4075,0001110111101100
4076,0001110111101101
4104,0001110111101110
4142,0001110111101111
4150,0001110111110000
4236,0001110111110001
4704,0001110111110010
4749,0001110111110011
5128,0001110111110100
6329,0001110111110101
7257,0001110111110110
7444,0001110111110111
7727,0001110111111000
7820,0001110111111001
7828,0001110111111010
7838,0001110111111011
7847,0001110111111100
7886,0001110111111101
7898,0001110111111110
7922,0001110111111111
7941,0001111000000000
7953,0001111000000001
7957,0001111000000010
7962,0001111000000011
7969,0001111000000100
7973,0001111000000101
7975,0001111000000110
7981,0001111000000111
7983,0001111000001000
7986,0001111000001001
7999,0001111000001010
8007,0001111000001011
8015,0001111000001100
8016,0001111000001101
8023,0001111000001110
8027,0001111000001111
8030,0001111000010000
8034,0001111000010001
8044,0001111000010010
8046,0001111000010011
8047,0001111000010100
8049,0001111000010101
8050,0001111000011000
8053,0001111000011001
8058,0001111000011100
8059,0001111000011101
8060,0001111000011110
8064,0001111000011111
8066,0001111000100000
8069,0001111000100001
8070,0001111000100010
8073,0001111000100011
8082,0001111000100110
8083,0001111000100111
8089,0001111000101010
8098,0001111000101011
8099,0001111000101110
8106,0001111000101111
8107,0001111000110100
8109,0001111000110101
8114,0001111000111000
8115,0001111000111001
8116,0001111000111010
8117,0001111000111011
8119,0001111000111100
8122,0001111000111101
8133,0001111001001000
8134,0001111001001001
8135,0001111001001010
8137,0001111001001011
8138,0001111001001110
8139,0001111001001111
8143,0001111001010010
8146,0001111001010011
8147,0001111001010100
8148,0001111001010101
8150,0001111001010110
8156,0001111001010111
8157,0001111001011010
8160,0001111001011011
8163,0001111001011110
8165,0001111001011111
8168,0001111001100100
8170,0001111001100101
8172,0001111001101000
8174,0001111001101001
8178,0001111001101010
8179,0001111001101011
8183,0001111001101100
8188,0001111001101101
8189,0001111001110000
8190,0001111001110001
8194,0001111001110010
8201,0001111001110011
8203,0001111001111000
8209,0001111001111001
8210,0001111001111100
8212,0001111001111101
8217,0001111010000110
8218,0001111010000111
8220,0001111010001010
8223,0001111010001011
8224,0001111010001110
8225,0001111010001111
8226,0001111010010100
8228,0001111010010101
8229,0001111010011000
8230,0001111010011001
8231,0001111010011010
8233,0001111010011011
8235,0001111010011110
8238,0001111010011111
8243,0001111010100110
8244,0001111010100111
8247,0001111010101010
8250,0001111010101011
8252,0001111010101100
8256,0001111010101101
8258,0001111010110010
8261,0001111010110011
8263,0001111010110100
8265,0001111010110101
8268,0001111010111000
8271,0001111010111001
8275,0001111010111010
8279,0001111010111011
8281,0001111010111110
8282,0001111010111111
8286,0001111011000100
8287,0001111011000101
8293,0001111011001000
8295,0001111011001001
8297,0001111011010000
8303,0001111011010001
8312,0001111011100000
8316,0001111011100001
8322,0001111011101100
8328,0001111011101101
8331,0001111011110010
8340,0001111011110011
