1,1
2,011
3,0010
4,01010
5,00010
6,010000
7,000011
8,0101101
9,0100010
10,0011001
11,01011110
12,00111110
688,00000111
689,00000011
690,00000001
13,010011101
14,000110010
676,000001001
677,001100001
678,000110100
680,000111011
681,001100011
682,001101100
683,001101001
684,001111001
685,001110011
686,010011011
687,010111111
691,001110101
15,0101100100
16,0100100111
17,0011011100
18,0001101100
659,0000011000
661,0000011010
664,0000000011
665,0001101011
666,0000010101
667,0000101001
668,0001101010
669,0011111101
670,0011111110
671,0100100100
672,0100101110
673,0100101111
674,0100111000
675,0101110001
679,0101110100
692,0000010111
19,01011000000
20,00011011010
640,00001000101
645,00011111111
646,00011110011
647,00011111110
648,00111001011
649,00111011111
650,00110101100
651,00110001001
652,00111100000
653,01000110010
654,01001001011
655,01001001100
656,00111011011
657,00011110100
658,01011001010
660,01011100101
662,01011100110
663,01011001111
1008,00000101001
1011,00000010011
1015,00011000000
1016,00001001011
1017,00110000000
1018,00110110110
1019,00011001101
1020,00000010100
1021,00011100010
1022,00111000101
1023,01000110011
1024,01001011000
1025,01001010111
1026,01001011001
1027,01000111101
1028,00111100010
1029,01000110100
1030,01001011011
1031,01001001101
1032,01000110110
1033,00111101001
1034,01001101000
1035,00111001001
1036,00011111010
21,010111011010
22,010111001000
23,010010010100
24,000010101010
602,000010011010
603,000010100010
604,000010011110
608,001101101010
610,001101010101
611,000110011100
612,000000100011
613,000010011011
614,000110000101
615,000110001000
616,000111100101
617,001101000000
618,001101010110
619,001110111001
620,001110110100
621,001110100101
622,001110100110
623,001111000010
624,001111111110
625,001110000101
626,000010011100
627,001110000111
628,001110100000
629,001111111111
630,000111101111
631,010110000100
632,010110000110
633,010001100000
634,010011001010
635,010010001011
636,010011001110
637,010111011110
638,010010101100
639,010010100000
641,010111001001
642,010111110001
643,010010110100
644,010110001000
693,001110010001
694,000001000001
695,001101010011
696,001101010111
697,001100000010
698,000010100011
699,001100010001
700,000110001001
701,001110100111
702,010001100001
703,001101110111
704,001101011010
705,000111000111
706,001111000110
707,001110001000
708,001110110000
709,000111001000
710,010001110100
711,001111110000
712,001111110011
713,001110110101
944,000001100101
964,000001100110
965,000001000100
968,000001000101
969,000010001001
970,000001010001
975,000111100001
976,000111001011
978,000001000110
979,000001000111
980,000111110001
981,010001110101
982,000000000010
983,000111010011
985,000010101000
986,001100010101
987,000001011001
988,000010111111
989,001100010110
990,000001010000
991,000110111111
992,010010001101
993,000111110010
994,001101101000
995,000110000110
996,000110000111
997,001110010000
998,001110111010
999,010011001101
1000,010001110110
1001,010001100011
1002,010010101010
1003,010011100100
1004,010111110000
1005,001110100001
1006,010011000101
1007,010111001110
1009,010110001010
1010,010111010111
1012,010011100111
1013,010111010110
1014,010111001111
1037,010001111110
1038,000111010110
1041,000010010101
1042,000010001101
1043,000110001111
1046,000111010111
1048,000000101010
1053,000010001110
1056,000110000010
1063,000001011010
1064,000001011011
25,0100011010110
26,0101100010011
27,0011000101111
28,0000100111010
29,0001101101100
30,0000011001001
31,0011010110111
32,0000100011000
497,0011011010110
503,0001100110010
534,0000100000000
543,0001100011000
547,0001100000110
549,0011000001101
554,0000010110001
555,0011000001110
556,0000001011111
557,0001100000111
558,0011000001111
559,0001100110011
560,0011000100000
561,0001111011100
563,0000100011001
564,0000101100001
565,0011010111100
568,0100100010101
569,0000010000000
570,0011111111010
571,0100011111000
572,0011010101001
573,0000101100010
574,0011010001011
575,0001100001000
576,0100101001001
577,0100110011000
578,0100101010000
579,0100111101001
580,0000001000100
581,0011110101101
582,0001110001100
583,0011110101110
584,0100011111001
585,0011010111101
586,0001101111010
587,0101100110001
588,0100110000110
589,0100100000110
590,0100110011001
591,0100011110000
592,0100011110001
593,0011010001100
594,0100100101011
595,0011111111011
596,0101100010110
597,0100110101001
598,0101100111001
599,0100111001100
600,0011010001101
601,0101110101001
605,0101100110010
606,0101111100100
607,0101100101110
609,0101111100101
714,0100111100000
715,0100011111010
716,0100011111011
717,0100100000111
718,0100110101010
820,0000100100100
841,0001101111101
860,0000100000100
878,0000000000001
879,0000100000101
881,0000100000110
882,0001100111010
885,0001100111011
886,0000100111011
889,0000001000101
894,0001100011011
896,0001110001101
901,0011010000010
902,0000100111110
906,0000011001000
907,0000100111111
908,0000100100110
910,0000000000010
911,0000100000111
912,0000010000110
914,0011011010111
915,0011100011101
916,0000101100100
919,0000100100111
922,0000100101000
923,0000001001000
925,0011110000111
926,0000001001001
927,0001111000000
928,0001111100001
929,0001100111100
930,0001100111101
931,0000101000000
932,0011101111010
933,0011100001001
934,0001110100011
935,0001110100100
936,0001111000001
937,0101100011101
938,0011100101001
939,0011110001110
940,0000000000011
941,0011110001111
942,0001110100101
943,0100011100110
945,0100101001100
946,0011101111011
947,0011010000011
948,0000001001010
949,0011000101000
950,0011110110001
951,0100101011011
952,0001110010010
953,0001100011100
954,0011110100000
955,0011111100010
956,0100100011000
957,0011100001100
958,0011011110100
959,0100101010001
960,0011101100100
961,0100101010010
962,0100110001001
963,0100100101010
966,0011110110010
967,0011110100001
971,0101100110011
972,0011100011110
973,0100101101010
974,0101100001111
977,0101100110000
984,0101110101011
1039,0011111100011
1040,0100110101101
1044,0100110101111
1045,0101110111011
1047,0101110110000
1049,0101110110001
1050,0100011111110
1051,0100101010011
1052,0100111100001
1054,0100110101110
1055,0101110111111
1057,0101111100110
1058,0101111100111
1059,0100110011110
1060,0100100011001
1061,0100111100010
1062,0100111101110
1065,0100101101011
1066,0001111000100
1067,0001100011101
1068,0000100101001
1070,0000101100101
1071,0000100110000
1072,0011011010010
1073,0000000000110
1074,0000100001000
2013,0000101000001
2023,0000101000010
2025,0000100110010
2029,0000000010110
2030,0001110010011
2031,0000101110111
2032,0001110101001
2033,0001111000101
2034,0000100110011
2036,0001111110111
2037,0011100001101
2038,0011100011111
2039,0001110000100
2040,0100011010100
2041,0011000101110
2042,0001111110100
2043,0001100001001
2044,0001100111110
2045,0011010110110
2046,0011011011100
2047,0001111000110
2048,0001111000111
2049,0011000000110
2050,0011111100100
2051,0011100101010
2052,0001110010100
2053,0011100010010
2054,0001110101010
2055,0001111001000
2056,0011011011101
2057,0011100101011
2058,0001110010101
2059,0000101000011
2060,0011110000110
2061,0001110101011
2062,0001110011000
33,01001000111000
34,00110000001110
35,00111011100011
37,01011111010001
38,01000111111110
39,00111000100110
40,00011000101001
41,01000110101111
42,01001100111111
43,00110101110000
44,00001000111101
45,00000110011100
47,00000110011101
49,01000110111000
50,00011000101010
51,00011100110010
52,00000110011110
54,00000010010111
58,00011100110011
59,00011001111111
64,00001000111110
68,00011011011010
72,00001010100101
73,00011100110100
74,00000010101100
75,00110000001111
76,00111000100111
77,00011011011011
82,00011000101011
83,00000010101101
84,00011011011100
85,00001010100110
89,00000010101110
94,00001010100111
100,00001010101100
112,00011000101100
117,00011011011110
120,00011011100000
124,00000010101111
134,00001010101110
141,00000010110000
142,00000010110001
144,00011110101001
145,01000110111011
148,00000110011111
165,00000110110000
166,00110101110001
183,00011011100010
240,00011100110101
245,00000110110011
249,00001000111111
251,00111010001011
259,00000010110010
262,00001001000000
267,00110100001101
271,00000010110011
275,00001010110011
279,00011100110110
280,00000110110100
281,00011110101100
284,00000110110101
289,00011100110111
291,00111010001100
292,00001010110100
294,00011100111000
295,00110000010000
307,00111111001011
310,00011110101110
313,00000010110100
316,00000110110110
319,00000110110111
327,00110100001110
330,00000010110101
331,00000010110110
335,00011100111001
336,00000010110111
337,00001001000001
340,00111011101100
341,00001010110111
342,00011100111010
365,00011011100110
366,00000110111001
367,00001001000010
368,00111010001110
369,00110111010011
376,00111000110000
377,00001010111001
379,00011110110000
384,01001010001110
386,00111011101101
387,00011011100111
388,01000111000001
389,00000110111011
390,00111101010101
391,00001010111010
394,00001010111011
395,00111111110000
396,00110100010000
400,00000010111000
401,00111000110001
403,01011101110000
404,00011000101101
405,00011011101000
407,00000010111001
408,00001001000011
410,00011011101001
412,00111011101110
413,00011110110001
415,00011011101010
416,00011110110010
417,00011100111011
418,00011000101110
419,00110101110010
420,01001000001000
422,00001010111100
423,01000111011100
424,00001001000100
425,00110000010001
426,01001100100111
427,00001010111101
428,01001010101101
429,00000110111100
431,00011011101011
433,00111000110010
434,00011011101100
435,00000010111010
436,00110111010100
438,01000111000010
439,01000111011101
441,00110000010010
442,01001100101100
443,00110111010101
444,01001010010000
445,00111011101111
449,00011110110100
450,00111111110001
451,00011100111100
453,00111101010111
454,00110100010010
455,00011011101101
456,00000010111011
457,00001010111110
459,00110000010011
460,00110111010110
461,01001000001010
462,00011011101110
463,00011011101111
464,00110111010111
465,00011011110000
466,00000010111100
467,00000110111101
468,00011110110101
469,00110111011000
470,00111000110011
472,00110000010100
473,00110000010101
474,00111111110010
475,00011100111101
476,00111011110000
477,00111010010000
478,00011000101111
479,00000010111101
480,00110100010011
481,00001010111111
482,01000111000011
484,00001011000000
485,00011100111110
486,00111101011000
489,00011100111111
490,00110000010110
491,01001100101101
492,01001110010101
493,01011101110001
494,01011001101101
495,01001000111001
496,00110101110011
498,00110111011001
499,00001001000101
501,00011110110110
502,00000110111110
504,00110000010111
505,00110101110100
506,00011101000000
507,01000111000100
508,01001000111010
509,01011101010000
510,00011011110001
511,00011011110010
513,01000111011110
514,00111000110100
515,00111011110001
516,00011101000001
518,01001100001001
519,00110101110101
520,01000111011111
522,01011101110011
523,01011000001110
524,01011000110100
525,00110111011010
526,00110000011000
527,01011000001111
528,01001100001010
529,01000111000101
530,01011000010100
531,01011101110100
532,01011001011001
533,01011000010101
535,01011001101110
536,00111010010001
537,00110100010100
538,00111000110101
539,01011111011011
540,01001101010000
541,01001100101110
542,01001010010001
544,00110101110110
545,01011001011010
546,01001110010110
548,01011001101111
550,01001111010001
551,01011111011100
552,01001110010111
553,01011001110000
562,01011001011011
566,01000111000110
567,01011111011101
719,01011101110101
720,00110101110111
724,00000110111111
738,00000100000010
742,00110111011011
744,00011000110010
745,00011000110011
747,00000100000011
750,00001011000001
751,00111101011110
754,00001000000010
771,00011101000010
772,00110101111100
774,00110100011100
777,01001010101110
780,00001001000110
782,00011011110011
784,00110111100001
785,00000100001000
789,00000100001001
797,00011011110111
800,01001100001110
802,01001010101111
803,00110101111101
808,00111010010011
810,00110000011001
811,00111000110110
813,00111111110011
818,00110001000010
819,00000000000000
822,00110100011101
823,00011011111000
824,00111011110010
825,00001001000111
826,01011001011110
829,00110001000011
833,00110111100011
834,00110101111110
835,00111011110011
836,01000110001000
837,00110100011110
838,00011000110100
839,00110101111111
840,01000111100100
843,00011110111010
844,00110111100101
845,00111000110111
846,00001001001010
847,00001000000011
848,00001000000100
849,00011101000011
850,00110100011111
851,00001000000101
852,00110101000000
853,01001110011010
854,00011110111011
855,00001000000110
856,00111101011111
857,00111011000101
858,01001000111011
859,00111000111000
861,01011000010110
862,00000100001010
863,01000111100101
864,00111101100000
865,00011111000000
866,01000111001000
867,01011000010111
868,01000111001001
869,00110101000001
870,01001100101111
871,00001011000111
872,00110111100110
873,00011000110101
874,01000111100110
875,01011101010001
876,01001111011000
877,01000110001001
880,01001010110100
883,01001000111100
884,01000111001010
887,01001000010001
888,01011100000000
890,01001111011001
891,01001111011010
892,00011101000100
893,00111011000110
895,01011000011100
897,01001010010111
898,00111101100001
899,01001100111110
900,01001110011011
903,01011101010100
904,00011011111001
905,01001101011000
909,01001100010000
913,01001000111101
917,01001000111110
918,01001100010001
920,01000110001010
921,01001000010010
924,01011101010101
1069,01011000111001
1075,01011000011101
1076,01001010011010
1077,00110101000010
1981,00011001100000
1984,00001011101011
1985,00000000101010
1987,00000100001011
1990,00001001001011
1991,00001001100010
1994,00001000011011
1995,00000000101011
1997,00111000111001
1998,00000100001110
2000,01011000100100
2001,00011101000101
2003,00110101001001
2004,00001011101100
2005,00111011001110
2006,00110001010010
2008,00011111100101
2010,00011101010000
2012,01001101011001
2014,00111000000001
2015,00111011001111
2016,00001000011100
2017,01011000111111
2018,00011111100110
2019,01001100100011
2020,00001000011101
2021,01011001011111
2022,01011111010000
2024,01011001011000
2026,01001010110101
2027,00111101111001
2028,01011100001100
2035,01011100001101
2063,01001111101111
2064,01001100100100
2065,01000110001011
2066,00011100000111
2067,00110101001010
2070,00000000101110
2728,00000100001111
2732,00000010000010
2742,00011001100001
2744,01000111001111
2746,00001001100011
2748,00001000100000
2749,00000101100000
2750,00111000001010
2751,00011100001011
2752,00011101010001
2753,00001000100001
2754,00011001100010
2755,00110001010011
2756,00001011110110
2758,00011001100011
2759,00111101111101
2760,00011100001100
2762,00110101010000
2763,00110110100110
2764,00111001010000
2765,00111101111110
2766,00111011100001
2767,00111101111111
2768,01001000111111
2769,00111101000100
2770,01000110101010
2771,00000010000011
2772,00110110100111
2773,00011111101011
2774,01000110101011
2775,00000010000100
2776,00011100001101
2777,00000010000101
36,010111011001001
46,010011010010000
48,001111010001010
53,010110011010001
55,010010100001000
56,010110001001011
57,000110011111101
60,010001111001111
61,010111011111011
62,010110011010010
63,010001111111110
65,000111100100101
66,010111011001010
69,010001111111111
70,010001101011101
71,000111100100110
78,010110001011100
79,010001101110010
80,000111100100111
81,010111011001011
86,010001101110011
87,001111010001011
88,010111011001100
90,010111110100100
91,010011000000000
93,000110110111010
95,010001101110100
96,001101000010000
97,010011000000001
99,010010000000001
101,000010101001001
103,001101101111001
104,010110001011101
105,001101000010001
106,010010100001001
107,010110001011110
108,001101000010010
109,000010101011010
111,010010100001010
113,001101101111010
114,000001011000011
115,010011010010001
116,000110110111011
118,010011000000010
119,000110110111110
121,010001101110101
122,010011010010010
123,010010100001011
125,010010000000010
126,001110010100011
129,001111010001101
130,001101000010011
131,010010000000011
132,000110110111111
133,010111110100110
135,010111110100111
136,010011000000011
139,010011000000100
140,010110001011111
143,010011110001101
146,010111110101000
147,000110111000010
149,001101000010100
150,000010101011011
151,001111010001110
152,010011110001110
154,001101101111011
155,000010101011110
156,010001101111000
157,010001101111001
158,010110001100000
159,010011000000101
160,010011110001111
161,001111010001111
162,001101101111100
163,001111010100000
167,000010101011111
171,010001101111010
172,010001101111011
173,000001101100010
174,010110001100001
175,010011110010001
176,010011110010010
177,010111011001101
178,001110100010000
179,010011110010011
180,010111011001110
181,010010000000100
184,000111101010001
185,000010101100000
187,001111010100001
188,001111010100010
190,010010000000110
191,010111011001111
192,001101101111110
193,001111010100011
194,010110011010100
196,010010100001100
197,001110100010001
198,010011000000111
199,010110001100010
200,010011000001000
201,010011000001001
202,010011110010100
203,000001101100011
204,000010101100001
205,001101000010101
206,010010100001101
208,000110111000011
209,010010100001110
210,001110100010010
211,001101101111111
212,010001101111100
213,010111011011000
214,010010100001111
215,010010000000111
216,000010101100010
217,000110111000110
218,010010100010000
219,001110100010011
221,001101000010110
223,000010101100011
224,010111110101010
227,001110100010100
229,000001101100100
230,010111110101011
231,010011010010011
232,010010000001000
233,010011010010100
234,001111010100100
236,010010000001010
237,000111101010100
238,010111011011001
239,010111110101100
241,010010100010001
242,010110001100011
243,000111101010101
244,000010101100100
246,010010100010010
247,001101000010111
250,010011110010110
252,000111101010110
253,010010000001011
254,010010000001100
255,000010101100101
257,001111010100101
261,010011000001010
263,000110111000111
264,001101000011000
265,000111101010111
266,010111110101110
268,001110100010101
269,010011110011000
270,001111010100110
272,001101110100000
276,010111011011010
277,010011010010101
278,001101000011001
282,010111110110000
283,010001101111101
285,010010100010011
286,010010000001101
287,010111110110001
288,010111011011011
290,000111101011010
293,010010000001110
296,010011110011001
297,010011110011010
298,010011000001011
299,000010101101010
301,000110111001000
302,010010100010100
303,010001101111110
304,010110001100100
305,000001101100101
306,000110111001001
308,010110011010101
309,001110100011010
311,000111101011011
312,010111011011100
314,010011000001100
315,001111010100111
317,000010101101011
318,010010100010101
320,000110111001010
321,001101110100001
323,010110001100101
324,010001101111111
325,001101110100010
326,010010000001111
328,000010101101100
329,010011010010110
333,000001101110000
334,010011010010111
338,010011000001101
339,010011110011011
343,000111101011110
344,001101110100011
345,010011110011100
346,010011010011000
347,010010100010110
348,001110100011011
350,010011110011101
351,010010100010111
353,001101110100100
354,001101110100101
355,010001110000000
356,010010100011000
357,000001101110001
358,000010101101101
359,010011010011001
360,010011110011110
361,010010100011001
362,010001110000001
363,001101000011110
364,010011000001110
370,000111101011111
371,010011010011010
372,000010101110000
373,010111110110010
374,010011000001111
375,010110011010111
378,010010100011010
380,010011010011011
381,000010101110001
382,000001101110100
383,010011110011111
385,001110100011110
392,010111011011101
393,010111011011110
397,010110001100110
398,001111010101001
399,001101000011111
402,010110001100111
406,010010100011011
409,010011010011100
411,001110100011111
414,010011010011101
421,010111011011111
430,010010000010010
432,010010100011110
437,001101000100010
440,010110011011000
446,000111101100110
447,000111101100111
448,001111010101100
452,010011110100000
458,010011010011110
471,001101000100011
483,010011000010000
487,010111110110011
488,010011110100001
500,010111011100100
512,010111110110100
517,001111010101101
521,010110011011001
721,010011110101000
727,010011000010001
729,010110011100010
730,010011010011111
731,010110001101010
732,010011110101001
733,010011000010110
734,010011110101010
735,010110011100011
736,010001110001110
737,010011010100010
739,010010100011111
740,010110011101000
741,010011010100011
743,001111010110010
746,000110111001011
748,000111101101110
749,010110011101001
752,010110001101011
753,001101111000000
755,010010000010011
756,010010000010110
757,010011110101011
758,010010100101000
759,010011000010111
760,001101000101010
761,010011110101100
762,010110001101100
763,001110100100100
766,001101111000001
769,010010100101001
770,000111101101111
773,001111010110011
775,010111011100101
776,010110011101010
778,010011010101100
779,001101000101011
781,010011010101101
783,010001110001111
787,010010000010111
788,010110011101100
790,001110100100101
792,000110111101100
793,010010000100000
794,010011010101110
795,010010100101010
796,001101111000100
798,001101111000101
799,010010100101011
801,010110011101101
804,010111110111101
805,010011000011110
806,010111011111000
807,010010100101100
809,010110001101101
812,010110011101110
814,010010000100001
815,010111110111110
816,010111110111111
817,010110011101111
821,010110001101110
827,010011110101110
828,001110110001000
830,010011000011111
831,010110001101111
832,010110001110000
842,001101111001000
1078,000111110000010
1214,000010110011110
1266,000000000100000
1289,000111110011100
1297,000010110100010
1305,000001101110101
1306,001101010000110
1308,001101111011110
1310,000010110100011
1319,001101010000111
1323,000110111101101
1325,001110110001001
1328,000010110100100
1332,000010110100101
1333,010011111000101
1342,001110110001110
1343,000010110100111
1347,001101010001000
1350,000010000001110
1351,000010110101000
1352,000111110110000
1353,001111011010100
1354,000010110101001
1356,000010110101010
1357,001111011010101
1358,000111000000000
1360,001111011010110
1361,010010000110010
1364,000010000001111
1365,010110001110001
1366,000010000100100
1367,010011000110011
1368,000010110101011
1369,010010000110011
1370,010010100101101
1371,010110001111000
1372,010011000110100
1373,000000000100110
1375,001110110001111
1376,000010110101100
1377,001111011010111
1378,001101010001001
1379,000010000100101
1380,001110110010100
1381,001111011011000
1382,001110110010101
1383,000111000000001
1384,000111000000010
1385,001101111100001
1387,001110110010110
1389,000111000000011
1394,000111000000100
1403,001111011011001
1406,000000000101000
1407,000000000101001
1408,000111110110001
1413,000000000101010
1417,000000000101011
1418,000000000101100
1419,000010000100110
1427,000010000100111
1432,000000000101101
1438,001111011011011
1440,000000000101111
1448,001101111100101
1467,000010000101000
1477,001101010001010
1478,001101010001011
1488,000111000000101
1494,000010110110011
1502,000000000110010
1505,000010000101001
1522,000010110110101
1532,010010100110110
1533,000000000110011
1535,000000000110100
1542,000111110111000
1546,000000000110101
1566,000111110111010
1569,000010000101010
1570,000010000101011
1571,001101010001100
1572,001111011100011
1573,001101111101100
1574,000010000101100
1575,010010000111100
1576,000111000000110
1577,000000000110111
1579,001110110010111
1580,000000000111000
1581,000000000111001
1582,000111000000111
1585,001101010001101
1586,000111110111100
1587,000111110111101
1591,000010110111010
1761,000111000001000
1769,000010000101101
1803,001101010001110
1805,000000001000010
1844,000000001000101
1845,000000001000110
1890,000000001001011
1893,001101010001111
1896,000111111000100
1899,000010111001100
1904,000010111001101
1906,000111000001001
1908,000010111001110
1911,000000001001101
1913,000000001001110
1916,000010000101110
1923,000111000001010
1926,000010000101111
1927,000010000110000
1930,000000001001111
1934,010001110010110
1935,010010100110111
1938,001111011101101
1939,000010111010000
1941,000111000001011
1943,000000001010000
1944,000111000001100
1945,000010000110001
1946,000111111001000
1947,000010111010001
1948,000010111010010
1950,000010000110010
1952,010111000010100
1953,000010000110011
1955,000111111001001
1956,001111011101110
1957,001111011101111
1959,010011001000010
1960,000000001010001
1962,010011111011011
1963,010110001111001
1964,001111011110000
1965,001110000000000
1966,001101010010000
1967,010110001111010
1968,010011001000011
1969,000000001010010
1970,000010000110100
1971,010111000010101
1974,001110110011000
1975,001111011110001
1976,000010000110101
1977,010011001000100
1978,010110001111011
1979,000010111010100
1980,000000001010011
1982,001110110011001
1983,000010111010101
1986,001110110011010
1988,010011111011101
1989,010010100111000
1992,001110000000001
1993,010111011111001
1996,010110001111100
1999,010111000010110
2002,010010100111001
2007,010111011111010
2009,010110001111101
2011,010010001000111
2068,001110110011011
2069,010010100111010
2071,001101010010001
2072,010010001001000
2077,000010000111100
2115,000000100000000
2705,000010111100111
2708,000111111010101
2709,000010111101000
2712,000010000111101
2714,010001110010111
2715,000010111101001
2717,000111000001101
2718,001110111000000
2719,001110000010001
2720,000010000111110
2721,000010111101010
2722,010011111110001
2723,010010100111011
2724,001101010010110
2725,001110111000001
2726,010011010101111
2727,000111000010100
2729,010010100111100
2730,001101010010111
2731,001111011111000
2733,001110000010010
2734,010011100101000
2735,010011111110010
2736,010001110011100
2737,010011111110011
2738,010010100111101
2739,010111000011110
2740,010110011010000
2741,010010100111110
2743,010010100111111
2745,010011100101001
2747,010011111110100
2757,010011001000101
2761,010010101011000
2778,001110111000100
2779,010010001001100
2780,001110000010011
2781,001101010100010
4097,000111111011010
4108,000010000111111
4113,000010111110101
4120,000111000010101
4121,000010001000100
4122,000010001000101
4123,000000100001101
4126,001110000100010
4127,000111000011100
4129,010001110011101
4130,000010001000110
4131,000010111110111
4132,000000100001110
4134,000110001010000
4135,000111000011101
4140,000000100001111
4141,000010001000111
4142,000110001010001
4144,000000100101100
4145,001101010100011
4146,000111000011110
4148,000111000011111
4149,001110000100011
4150,000010001111000
4151,000110011111100
4152,000010001111001
4153,000000100101101
4154,010011001001101
4156,000001011000010
4157,000111100100100
4158,000111111011011
4159,001110111000101
4161,000010101001000
67,0101100110100110
92,0100011110011101
98,0100100000000000
110,0001111010100000
127,0011110100011000
128,0101111101001010
137,0011011011110001
138,0100100000000001
168,0100111100011001
169,0100111100100000
170,0100101010110011
182,0101111101010010
186,0100100000001010
189,0011011011111010
195,0100110000001100
207,0101100110100111
220,0011110100011001
222,0101111101010011
225,0100111100100001
226,0100100000001011
228,0100111100101010
235,0100100000010010
256,0100111100101011
258,0100111100101110
260,0101111101011011
273,0101111101011110
274,0101111101011111
300,0100111100101111
322,0101100110101100
332,0011110101010000
349,0101100110101101
352,0011110101010001
722,0001111010100001
723,0101111101101010
725,0011011011111011
726,0100110000001101
728,0101111101101011
765,0000101100011000
767,0100111101011010
768,0101111101111000
786,0101100111010110
791,0100111101011011
1084,0000101100011001
1091,0001111100000110
1100,0000101100110000
1104,0000101100110001
1124,0000101100110011
1126,0011110110011000
1127,0000000000000100
1137,0101100111010111
1138,0001111100000111
1143,0000000000000101
1145,0000000000000110
1148,0000000000000111
1149,0000101100110100
1155,0000000000111000
1158,0000000000111001
1159,0001111100110000
1161,0000000000111010
1163,0011011110101001
1165,0100100001010000
1167,0001111100110001
1175,0001111100110010
1178,0000101100111000
1179,0000101100111001
1180,0001111100110011
1183,0011110110011001
1184,0001111100110100
1191,0011110110011010
1196,0000101100111010
1198,0101110000000100
1201,0000000000111011
1202,0011110110011011
1203,0100111101111110
1204,0011011110101100
1207,0011110110011100
1211,0000000000111100
1220,0101110000000101
1223,0011011110101110
1224,0101110000000110
1225,0000000000111101
1226,0011110110011101
1227,0100100001010100
1230,0100111110000001
1232,0100100001010101
1234,0100100001010111
1235,0000000000111110
1237,0001111100110101
1238,0100111110000011
1239,0000101101000000
1240,0011011110101111
1242,0000000000111111
1246,0011011110110001
1249,0011011110110010
1250,0101110000000111
1252,0100100001011000
1261,0001111100110110
1262,0100100001011010
1264,0011011110110100
1265,0011011110110101
1267,0011110110011110
1268,0000101101000010
1269,0000000001000010
1270,0011011110110110
1271,0000000001000011
1277,0100100001011101
1279,0101110000001000
1282,0011011110111000
1283,0000000001000100
1285,0000000001000101
1286,0001111100110111
1287,0100100001011110
1288,0011110110011111
1290,0101110000001001
1291,0011110110100000
1292,0100110001100000
1293,0100111110000111
1295,0000000001000110
1296,0100110001100001
1298,0100100001100000
1299,0001111100111010
1300,0100110001100010
1301,0011110110100001
1302,0011011110111001
1303,0011110110100010
1304,0011011110111010
1307,0100111110001000
1309,0101110000001010
1311,0001111100111011
1313,0011110110100011
1314,0011011110111011
1315,0101110000001011
1316,0001111100111100
1317,0100100001100001
1318,0000000001000111
1320,0000000001001000
1321,0001111100111101
1322,0101110000001100
1324,0000000001001001
1326,0000000001001010
1327,0101110000001101
1329,0001111100111110
1330,0011011110111110
1331,0000101101000011
1334,0101110000001110
1335,0011110110100100
1336,0000101101001100
1337,0101110000001111
1338,0100110001100011
1339,0011110110100101
1340,0000101101001101
1341,0011011110111111
1344,0100110001100100
1345,0011011111000000
1346,0001111100111111
1348,0011110110100110
1355,0100111110001001
1359,0100100001100010
1362,0101110000010000
1363,0100111110001100
1374,0101110000010001
1386,0100110001100101
1388,0100100001100011
1390,0100110001101010
1391,0100111110001101
1393,0000000001001011
1395,0100100001101000
1397,0000101101011010
1399,0000101101011011
1400,0011011111000101
1401,0000000001001110
1402,0101110000010010
1404,0011011111000110
1405,0100110001101011
1409,0100111110001111
1410,0001111101100100
1411,0100100001101001
1412,0011011111000111
1414,0001111101100101
1415,0011110110100111
1416,0100110001101100
1420,0100100001101010
1421,0011011111001000
1423,0001111101100110
1424,0100100001101011
1426,0100100001101100
1428,0100110001101101
1429,0011110110110100
1430,0101110000010011
1431,0001111101100111
1433,0000000001001111
1434,0001111101101000
1435,0100100001101101
1436,0101110000010100
1437,0000000001011100
1439,0100110001101110
1441,0101110000010101
1445,0000101101011100
1446,0100111110010001
1447,0100111110010010
1449,0011011111001100
1451,0000101101011101
1452,0000000001011101
1453,0001111101101001
1454,0100110001101111
1455,0000000001100000
1457,0011110110110101
1459,0000101101011111
1460,0011110110111000
1461,0011011111001101
1463,0011011111001110
1464,0000101101100000
1466,0011110110111001
1468,0011011111001111
1469,0100110001110000
1470,0101110000010110
1471,0000000001100001
1472,0101110000010111
1473,0000000001100010
1474,0100100001101110
1475,0000101101100001
1476,0100110001110001
1479,0011110110111010
1480,0100100001101111
1481,0100110001110010
1483,0000101101100010
1484,0000101101100011
1485,0001111101101010
1487,0000101101100100
1489,0101110000011000
1490,0011011111010001
1491,0011011111010010
1492,0101110000011001
1493,0011110110111011
1498,0000000001100011
1499,0000101101100101
1500,0100110001110011
1501,0101110000011010
1503,0101110000011011
1504,0011011111010011
1506,0100111110010101
1507,0011110110111100
1508,0100110001110100
1509,0001111101101011
1514,0001111101101100
1515,0011110110111101
1518,0000101101101001
1519,0100110001110101
1520,0011110110111110
1521,0100111110010111
1523,0001111101101101
1524,0001111101101110
1525,0000101101101100
1526,0000101101101101
1528,0100100001110010
1529,0001111101101111
1530,0100110001110110
1531,0011110110111111
1534,0000101101101110
1536,0101110000011100
1537,0000101101101111
1538,0100111110011000
1539,0011011111010100
1540,0011011111010101
1541,0100110001110111
1543,0100100001110011
1544,0011110111000000
1545,0100110001111000
1547,0011110111000001
1548,0000101101110000
1549,0000101101110001
1550,0000000001101100
1551,0011011111010110
1552,0011110111000010
1553,0100100001110100
1555,0001111101110010
1556,0101110000011101
1557,0011110111000011
1558,0000000001101101
1559,0000101101110010
1560,0100110001111001
1561,0001111101110011
1562,0100110001111010
1563,0101110000011110
1564,0011110111000100
1565,0100100001110101
1567,0101110000011111
1568,0100100001110110
1578,0001111101110110
1583,0100110001111011
1584,0011110111000101
1589,0011110111001000
1593,0000000001110100
1594,0001111101110111
1599,0000101101110011
1600,0000000001110101
1602,0000000001110110
1606,0001111101111100
1627,0100100001111011
1628,0001111101111101
1653,0100100001111101
1654,0011110111001001
1663,0000000001110111
1665,0000101101111001
1668,0000000001111000
1676,0000101101111011
1682,0000000001111001
1687,0000101101111101
1695,0000000001111010
1703,0000000001111011
1725,0001111101111110
1726,0001111101111111
1728,0000000001111100
1729,0011110111001010
1740,0011011111101000
1741,0000101110000010
1745,0000000001111101
1747,0000101110000011
1748,0011011111101001
1755,0101110000100000
1760,0000000001111110
1772,0100110001111100
1773,0011011111101101
1774,0000000001111111
1776,0000101110000110
1779,0000000010000000
1780,0000101110000111
1782,0000101110001000
1783,0000000010000001
1785,0011011111101111
1797,0100111110101011
1798,0000101110001010
1800,0000000010000010
1802,0000101110001011
1806,0011110111001011
1808,0001111110000000
1809,0001111110000001
1815,0000000010000011
1817,0011110111001100
1818,0000101110001100
1819,0000101110001101
1821,0000000010000110
1822,0011011111110010
1824,0000101110001110
1825,0000000010000111
1830,0000101110001111
1831,0011011111110100
1832,0000000010001000
1833,0000000010001001
1836,0011110111001101
1838,0011011111110101
1839,0001111110000010
1841,0000101110010001
1842,0000101110010010
1846,0000101110010011
1848,0101110000100001
1849,0100110001111101
1850,0100111110101110
1851,0000000010001110
1853,0000000010001111
1856,0001111110000011
1857,0000000010010000
1858,0000101110010100
1859,0101110000100010
1860,0000000010010001
1862,0000000010010010
1863,0011110111001110
1865,0100110001111110
1866,0011110111001111
1867,0100100010001001
1868,0001111110000100
1869,0000101110010110
1873,0101110000100011
1874,0011110111010000
1878,0000000010010011
1879,0011011111111000
1880,0011110111010001
1881,0011011111111001
1882,0000000010010100
1884,0000000010010101
1885,0001111110000101
1886,0001111110000110
1887,0100111110110000
1888,0011011111111010
1889,0101110000100100
1891,0011011111111011
1892,0001111110000111
1894,0011110111010010
1895,0011110111010011
1897,0011011111111100
1898,0011011111111101
1901,0100110001111111
1902,0001111110001010
1905,0000000010011000
1907,0100111110110001
1909,0001111110001011
1910,0011011111111111
1912,0101110000100101
1914,0001111110001100
1915,0101110000100110
1917,0100110010000000
1918,0011110111010100
1919,0000101110010111
1920,0100111110110010
1921,0100100010001011
1922,0011110111010101
1924,0001111110001101
1925,0011110111010110
1928,0000101110011110
1932,0000101110011111
1933,0011110111010111
1936,0011110111011000
1937,0100100010001100
1940,0100111110110100
1942,0001111110001110
1949,0000101110100110
1951,0100110010000001
1954,0100110010000010
1958,0100111110110101
1961,0101110000100111
1972,0100111110111000
1973,0011110111011001
2073,0100111110111001
2074,0101110000101110
2075,0000000010011001
2076,0001111110001111
2080,0100100010001101
2081,0000000010111100
2083,0000101110100111
2084,0011110111101000
2088,0000000010111101
2089,0000101110110100
2091,0011110111101001
2093,0001111110011100
2096,0000101110110110
2098,0000000010111110
2099,0011110111101010
2100,0001111110011101
2103,0011100000001001
2104,0000000010111111
2105,0011100000001010
2106,0001111110011110
2109,0011100000001011
2123,0000101111000000
2125,0011110111101011
2135,0000001000000010
2144,0011100000001110
2675,0000101111001001
2682,0000001000000011
2684,0011100000011101
2689,0000101111001011
2691,0011110111101100
2692,0011100000011111
2693,0011110111101101
2694,0011110111101110
2695,0000001000000100
2696,0100100010010110
2697,0001111110011111
2698,0101110000101111
2699,0001111110101000
2700,0101110000111000
2701,0101110000111001
2702,0000101111001100
2703,0011100000100000
2704,0011110111101111
2706,0100111111100000
2707,0101110000111010
2710,0100110010000011
2711,0000101111001101
2713,0100111111100001
2716,0101110000111011
2782,0011100000100001
2783,0000101111010110
2785,0011100000101100
2789,0100100010011010
2791,0000101111010111
2792,0000101111011100
2795,0000001000000101
2797,0011100000101101
2798,0011110111110010
4045,0011100000111000
4056,0000001000000110
4066,0001111110101001
4071,0011100000111011
4072,0000001000000111
4074,0001111110110000
4075,0011100000111100
4077,0101110000111110
4078,0000101111100101
4080,0001111110110001
4081,0000001000011000
4082,0000101111100110
4083,0000101111100111
4084,0001111110110010
4085,0100110010010100
4086,0100100010100000
4087,0011100000111101
4088,0100110010010101
4089,0011100000111110
4090,0101100000100111
4092,0000101111101000
4093,0100100010100001
4094,0011100000111111
4095,0100100010100010
4096,0101100000101000
4098,0011100001000000
4099,0101100000101001
4101,0101110000111111
4102,0011110111110011
4104,0011100001000001
4105,0101110110010000
4106,0101100000101011
4107,0011100001000010
4109,0101100000101100
4110,0101100000101101
4111,0011111100101000
4112,0100100010100011
4114,0011111100101001
4115,0000101111101001
4116,0100100010100100
4117,0100100010100101
4118,0011111100101010
4119,0101100000101110
4124,0000101111101100
4125,0011111100101011
4128,0100110010010110
4133,0001111110110011
4136,0100011010111000
4137,0101100000101111
4138,0100110010010111
4139,0101110110010001
4143,0100110010011000
4147,0100011010111001
4155,0100100010100110
4160,0011100001000011
4162,0100100010100111
4163,0000101111101101
4164,0100110010011001
4165,0100011110011100
4166,0011100101000100
102,01001111000110000
153,01011111010010110
164,01011111010010111
248,01011111010110100
764,01011111010110101
1080,01001000000100110
1086,00110111100100100
1088,00110111100100101
1089,00000010000110011
1090,01011111011110010
1092,01001000000100111
1094,01001111010111101
1095,00001011000110100
1096,00110111100100111
1098,00001011000110101
1099,00001011000110110
1101,01001111010111110
1110,01001000010011000
1111,00001011000110111
1112,00110111100111001
1113,01001000010011001
1115,00110111100111011
1116,01001000010011010
1118,00001011001100100
1119,00110111100111100
1120,00001011001100101
1123,01001000010011011
1125,01011111011110011
1129,00110111100111110
1132,01001000010011100
1133,01001111011011010
1134,01001000010011101
1140,00110111101010000
1141,01001111011011100
1144,01001111011011101
1146,00110111101010001
1150,00001011001101010
1152,01001000010011110
1154,01001111011011111
1157,01001000010011111
1162,01001111011110001
1164,01001111011110010
1168,01001000010100010
1169,00001011001101011
1170,01001000010100011
1171,00001011001101100
1172,01001000010100100
1173,00001011001101101
1174,00001011001101110
1177,01001111011110100
1181,00110111101010100
1182,00110111101010101
1185,01001111011110101
1186,00001011001101111
1187,00110111101010110
1189,00110111101010111
1192,01001111011110110
1195,01001000010100101
1199,01001111011111001
1200,01001111011111010
1205,00001011001110110
1206,01001000010100110
1208,00001011001110111
1209,01001111011111011
1210,01001111011111110
1212,00110111101011010
1213,01001111011111111
1215,01001000010100111
1216,00001011001111100
1217,00001011001111101
1218,00001011001111110
1221,01001111100000000
1228,00001011001111111
1229,01001111100000001
1231,01001111100000100
1233,01001000010101100
1236,00110111101011011
1241,00110111101100000
1243,00110111101100001
1245,01001000010101101
1247,01001111100000101
1251,01001111100001001
1253,01001111100001010
1254,00001011010000010
1256,01001000010110010
1257,01001000010110011
1258,00001011010000011
1263,01001111100001011
1272,01001000010110110
1273,01001111100001100
1275,01001000010110111
1276,01001000010111000
1278,00110111101100111
1280,00110111101101110
1281,01001111100001101
1284,01001000010111001
1294,01001000010111110
1312,00110111101101111
1349,00110111110000010
1392,01001111100011100
1396,00110111110000011
1422,01001111100011101
1425,00110111110001001
1443,00110111110010010
1444,01001000010111111
1450,00110111110010011
1456,01001111100100001
1458,00001011010111100
1462,01001111100100110
1465,01001111100100111
1482,01001111100101000
1486,00110111110100000
1495,01001111100101001
1497,00001011010111101
1510,01001111100101100
1511,00110111110100001
1512,00001011011010000
1513,01001000011100000
1516,01001000011100001
1517,01001000011100010
1527,01001111100101101
1554,01001111100110010
1588,01001111100110011
1590,01001000011100011
1592,01001111100110100
1595,00110111110101110
1597,01001000011101110
1601,00110111110101111
1603,00110111110110100
1607,00110111110110101
1609,00001011011010001
1611,01001000011101111
1614,01001000011110100
1615,01001111100111000
1617,00110111110110111
1621,00110111110111001
1624,00001011011101100
1626,00110111110111011
1632,00110111110111100
1633,00001011011101101
1636,00110111110111110
1637,01001000011110101
1638,00110111110111111
1642,00001011011101110
1643,00110111111000000
1647,00110111111000010
1648,01001111100111011
1650,01001000011111000
1656,00001011011101111
1657,00001011011110000
1661,01001111100111101
1664,00001011011110001
1666,00110111111000011
1667,00001011011110100
1672,00001011011110101
1675,01001111101000000
1677,01001111101000001
1678,01001111101000010
1679,01001000011111001
1681,00001011011111000
1683,01001111101000011
1684,00110111111000101
1685,01001000011111100
1686,01001000011111101
1688,00001011011111001
1691,00110111111000110
1692,01001000011111110
1693,00001011011111100
1694,01001000011111111
1696,00001011011111101
1698,01001000100000000
1699,00110111111000111
1700,01001111101000101
1704,01001000100000001
1707,01001111101000110
1710,00110111111001010
1717,00110111111001100
1718,01001000100000010
1719,00110111111001101
1720,00001011011111110
1723,00001011011111111
1724,00001011100000000
1727,00110111111001110
1730,01001111101001001
1731,01001000100000011
1732,01001000100000100
1736,00001011100000001
1737,01001111101001011
1739,00001011100000010
1742,00001011100000011
1743,00110111111001111
1746,01001000100000101
1749,00110111111010100
1751,00001011100001000
1752,00110111111010101
1753,00001011100001001
1754,01001111101001100
1756,00001011100001010
1757,00110111111010110
1762,00110111111010111
1768,00001011100001011
1770,01001000100000110
1771,00110111111011001
1777,00110111111011100
1778,01001111101010000
1784,00110111111011101
1786,01001111101010001
1787,01001111101010010
1788,00110111111100000
1789,01001111101010011
1790,01001000100000111
1791,01001000100001000
1793,00001011100010010
1794,01001000100001001
1799,01001000100001010
1801,00110111111100001
1804,01001000100001011
1807,01001111101010101
1810,00110111111100010
1811,01001000100001100
1812,00110111111100011
1828,00110111111100111
1829,00001011100010011
1834,00001011100100000
1835,01001111101011010
1837,01001111101011011
1840,01001000100001101
1843,00001011100100001
1847,01001000100001110
1852,01001000100001111
1854,00110111111101100
1855,01001000100010000
1861,00001011100101010
1864,01001000100010001
1870,00110111111101101
1871,00110111111101110
1872,00110111111101111
1876,01001000100010100
1877,01001111101011110
1883,00001011100101011
1900,01001111101011111
1903,00110111111111100
1929,01001111101100110
1931,00110111111111101
2078,01001111101100111
2079,01001111110000000
2082,01001000100010101
2086,00111000000010000
2087,01001111110000001
2090,01001111110000010
2092,00001011101101010
2095,00001011101101011
2102,00001011101101110
2108,01001111110000100
2110,01001111110000101
2111,00111000000011000
2116,01001000100100100
2117,00111000000011001
2119,01001000100100101
2122,00001011101101111
2124,00111000000011010
2126,00001011110000010
2127,00001011110000011
2129,01001000100100110
2130,01001000100100111
2132,01001111110001001
2133,01001111110001010
2134,00001011110000100
2139,00111000000011011
2143,00001011110000101
2147,00001011110000110
2369,00001011110000111
2437,00001011110001000
2489,00001011110001001
2605,00111000000101010
2628,00001011110001010
2642,00001011110001011
2650,00001011110001100
2652,00001011110001101
2656,00001011110001110
2658,00001011110001111
2663,00111000000110010
2666,00111000000110011
2667,00111000000110100
2669,01001000100101000
2670,00111000000110101
2671,00111000000110110
2673,00001011110010000
2676,00001011110010001
2677,01001000100101001
2679,00001011110010100
2680,01001000100101010
2681,00111000000111000
2683,00111000000111001
2686,00001011110010101
2687,00111000000111100
2688,01001000100101011
2690,01001111110111111
2784,01001111111010100
2786,01001111111010101
2787,01001000100101110
2790,00111000000111101
2793,01001000100101111
2794,01001000100110110
2796,01001111111010110
2799,01001111111010111
2800,01001000100110111
2801,00111000001011100
3899,00001011110111010
4004,01001000100111000
4008,00001011110111011
4009,00111000001101000
4017,00001011110111100
4019,00111000001101010
4023,01001000100111001
4033,00001011110111101
4035,00001011110111110
4037,00111000001101101
4038,00111000001101110
4039,01001000100111010
4040,00001011110111111
4042,01011000001000110
4043,00111000001101111
4047,00001011111000000
4048,00001011111000001
4049,00111000001110010
4050,01001000100111011
4051,00001011111000010
4052,00001011111000011
4053,01001000100111100
4055,00001011111000100
4058,00001011111000101
4059,01001000100111101
4060,01011000001001001
4061,00001011111000110
4062,00111000001110011
4063,00111000001110100
4065,01001000100111110
4067,00001011111000111
4068,01011000001001010
4069,01001000100111111
4070,01011000001001011
4073,00001011111001000
4076,01011000001001100
4079,00001011111001001
4091,00111000001110101
4100,01011000001001101
4103,01011000001010100
4167,01001010101100100
4169,01001010101100101
4171,00110110111100000
1079,010011110001100010
1081,010011110001100011
1082,001101101111000010
1085,010011110101111001
1087,001101101111000011
1093,001101111001001100
1097,001101111001001101
1103,010011110101111110
1105,001101111001110000
1107,010011110110110000
1108,010011110110110001
1109,001101111001110001
1114,001101111001110100
1117,010011110110110010
1121,010011110110110011
1122,001101111001110101
1128,001101111001111010
1131,001101111001111011
1136,010011110110110110
1139,001101111001111110
1142,010011110110110111
1147,001101111001111111
1153,010011110110111100
1156,010011110110111101
1160,010011110111100000
1176,010011110111100110
1188,010011110111100111
1194,010011110111101111
1197,010011110111110000
1222,010011110111110001
1255,010011111000010001
1260,001101111011001100
1274,001101111011001101
1398,001101111100010000
1442,010011111001000000
1496,010011111001000001
1598,010011111001101011
1605,001101111100010001
1608,010011111001101100
1612,001101111101101100
1613,010011111001101110
1616,001101111101101101
1618,001101111101110000
1620,001101111101110001
1622,010011111001101111
1623,001101111101110100
1631,001101111101110101
1635,001101111101111010
1640,010011111001110100
1644,001101111101111011
1646,001101111110000010
1649,010011111001110101
1655,010011111001111001
1659,001101111110000011
1669,010011111001111101
1673,010011111001111110
1674,001101111110001000
1701,001101111110001001
1702,001101111110010000
1705,010011111010001001
1708,001101111110010001
1709,001101111110010010
1711,001101111110010011
1716,001101111110010110
1721,010011111010010000
1733,010011111010010001
1738,010011111010010101
1744,001101111110010111
1763,010011111010011011
1766,010011111010011101
1767,001101111110110000
1775,010011111010011110
1781,010011111010011111
1792,010011111010101000
1796,010011111010101001
1814,010011111010110000
1816,001101111110110001
1823,001101111111001100
1826,010011111010110001
1827,010011111010110010
2094,010011111100000110
2101,001101111111001101
2107,001110000000100010
2113,010011111100001100
2114,010011111100001101
2121,010011111100001110
2128,010011111100001111
2131,010011111100010000
2137,010011111100010110
2138,010011111100010111
2142,010011111100011000
2145,010011111100011001
2146,010011111100011010
2195,010011111100100011
2200,001110000000100011
2245,001110000000111100
2278,010011111100101110
2327,010011111100110110
2342,001110000000111101
2408,001110000000111110
2436,001110000000111111
2464,001110000001000000
2471,010011111101001011
2478,001110000001000001
2521,001110000001000010
2537,001110000001000011
2543,001110000001000100
2551,001110000001000101
2556,001110000001000110
2558,001110000001000111
2560,001110000001001000
2569,001110000001001001
2572,001110000001001010
2582,001110000001001011
2585,001110000001001100
2586,001110000001001101
2587,001110000001001110
2588,001110000001001111
2597,001110000001010000
2599,001110000001010001
2600,001110000001010010
2606,010011111101100101
2607,001110000001010011
2612,010011111101100111
2615,001110000001010110
2617,001110000001010111
2618,010011111101101000
2619,001110000001011000
2620,010011111101101001
2622,001110000001011001
2623,001110000001011010
2624,001110000001011011
2625,001110000001011100
2630,010011111101101100
2632,010011111101101101
2635,001110000001011101
2636,001110000001011110
2641,010011111101101111
2644,001110000001011111
2645,010011111101110001
2646,010011111101110010
2653,001110000001100000
2654,001110000001100001
2657,001110000001100010
2659,010011111101110101
2660,010011111101110110
2661,010011111101110111
2662,010011111101111000
2664,001110000001100011
2668,010011111101111001
2672,001110000001101110
2674,010011111101111010
2678,010011111101111011
2685,010011111101111100
2788,001110000001101111
2802,001110000010111010
2803,010011111101111101
2807,001110000010111011
2808,001110000010111100
2819,001110000010111101
2865,001110000010111110
2872,001110000010111111
2873,010011111110111101
2880,001110000011000000
2889,001110000011000001
2956,001110000011000010
3857,001110000011000011
3934,001110000011000100
3938,001110000011000101
3964,001110000011000110
3967,001110000011000111
3968,001110000011001000
3970,001110000011001001
3976,001110000011001010
3979,001110000011001011
3990,010011111111111101
3995,001110000011001100
3996,010011111111111111
4001,001110000011001101
4007,001110000011001110
4011,001110000011001111
4014,010110000010000011
4015,001110000011010010
4016,001110000011010011
4020,010110000010000101
4021,010110000010000110
4022,010110000010000111
4025,001110000011010110
4027,001110000011010111
4030,010110000010001001
4032,010110000010001010
4036,001110000011011000
4044,010110000010001011
4054,010110000010001111
4057,010110000010010000
4064,001110000011011001
4168,010110000010010001
4170,001110010100010100
4172,010110000010101010
4173,001110010100010101
8265,001110010100010110
8305,001110010100010111
1102,0100111101011110001
1106,0100111101011111110
1130,0100111101011111111
1166,0100111101111000010
1193,0100111101111011100
1244,0100111101111011101
1248,0100111110000100000
1259,0100111110000100001
1596,0100111110011010100
1604,0100111110011010101
1610,0100111110011011010
1630,0100111110011100100
1634,0100111110011100101
1645,0100111110011100111
1651,0100111110011110000
1662,0100111110011111000
1671,0100111110011111001
1689,0100111110011111111
1706,0100111110100010001
1712,0100111110100011100
1714,0100111110100011101
1722,0100111110100011111
1734,0100111110100101000
1758,0100111110100110100
1759,0100111110100110101
1764,0100111110100111000
1795,0100111110100111001
1875,0100111110101100110
2085,0100111110101100111
2151,0100111111000110111
2166,0100111111000111010
2169,0100111111000111100
2170,0100111111000111101
2173,0100111111000111111
2174,0100111111001000000
2193,0100111111001000100
2210,0100111111001001001
2212,0100111111001001010
2216,0100111111001001011
2229,0100111111001001110
2230,0100111111001001111
2231,0100111111001010000
2240,0100111111001010010
2248,0100111111001010100
2274,0100111111001011001
2277,0100111111001011010
2280,0100111111001011011
2308,0100111111001100101
2310,0100111111001100110
2326,0100111111001101011
2354,0100111111001110010
2362,0100111111001110100
2384,0100111111001111001
2389,0100111111001111011
2401,0100111111001111101
2406,0100111111010000000
2410,0100111111010000001
2411,0100111111010000010
2415,0100111111010000011
2416,0100111111010000100
2427,0100111111010001000
2432,0100111111010001010
2439,0100111111010001011
2441,0100111111010001101
2458,0100111111010010000
2463,0100111111010010001
2476,0100111111010011000
2477,0100111111010011001
2485,0100111111010011011
2491,0100111111010011101
2492,0100111111010011110
2510,0100111111010100011
2518,0100111111010100101
2524,0100111111010101000
2531,0100111111010101011
2533,0100111111010101100
2534,0100111111010101101
2536,0100111111010101110
2540,0100111111010110000
2544,0100111111010110010
2549,0100111111010110100
2550,0100111111010110101
2563,0100111111010111000
2565,0100111111010111010
2580,0100111111010111111
2584,0100111111011000000
2589,0100111111011000001
2590,0100111111011000010
2594,0100111111011000100
2596,0100111111011000110
2601,0100111111011000111
2610,0100111111011001100
2627,0100111111011010101
2629,0100111111011010110
2633,0100111111011010111
2639,0100111111011011101
2643,0100111111011100000
2648,0100111111011100110
2649,0100111111011100111
2655,0100111111011101000
2665,0100111111011101001
2804,0100111111101100000
2805,0100111111101100001
2806,0100111111101100010
2811,0100111111101100011
2820,0100111111101100110
2825,0100111111101101000
2828,0100111111101101010
2833,0100111111101101100
2839,0100111111101101110
2841,0100111111101101111
2842,0100111111101110000
2857,0100111111101110011
2858,0100111111101110100
2868,0100111111101111000
2874,0100111111101111001
2877,0100111111101111101
2926,0100111111110000110
2945,0100111111110001010
2948,0100111111110001011
2950,0100111111110001100
2963,0100111111110001111
2964,0100111111110010000
2986,0100111111110010100
2998,0100111111110010111
3006,0100111111110011000
3010,0100111111110011010
3024,0100111111110011100
3057,0100111111110100000
3080,0100111111110100010
3105,0100111111110100101
3448,0100111111110110011
3642,0100111111110111110
3764,0100111111111000111
3804,0100111111111001011
3854,0100111111111010010
3874,0100111111111010101
3885,0100111111111010110
3891,0100111111111011000
3893,0100111111111011001
3921,0100111111111100000
3930,0100111111111100011
3939,0100111111111100110
3943,0100111111111100111
3953,0100111111111101011
3956,0100111111111101100
3960,0100111111111101101
3962,0100111111111101110
3975,0100111111111110011
3978,0100111111111110100
3983,0100111111111110110
3989,0100111111111111001
3993,0100111111111111100
3999,0101100000100000000
4003,0101100000100000010
4005,0101100000100000011
4018,0101100000100001000
4026,0101100000100001001
4046,0101100000100011100
4186,0101100000110000000
7795,0101100000110001101
8142,0101100000110010111
8192,0101100000110011101
8201,0101100000110100000
8213,0101100000110100011
8229,0101100000110100111
8230,0101100000110101000
8234,0101100000110101010
8235,0101100000110101011
8236,0101100000110101100
8237,0101100000110101101
8242,0101100000110101111
8247,0101100000110110001
8249,0101100000110110011
8263,0101100000110111000
8268,0101100000110111010
8271,0101100000110111011
8277,0101100000110111101
8289,0101100010010100000
8296,0101100010010100001
8300,0101100010010100010
8316,0101100010010100111
8322,0101100010010101001
8331,0101100010010101100
8332,0101100010010101101
8334,0101100010010101110
8345,0000001000011001000
8347,0000001000011001001
8348,0000001000011001010
8351,0000001000011001011
1083,01001111010111100000
1135,01001111010111100001
1190,01001111011110000110
1219,01001111011110000111
1625,01001111100110110110
1629,01001111100110110111
1639,01001111100111001100
1658,01001111100111001101
1660,01001111100111100010
1670,01001111100111100011
1680,01001111100111111100
1690,01001111100111111101
1697,01001111101000100000
1713,01001111101000100001
1715,01001111101000111100
1735,01001111101000111101
1750,01001111101001010010
1765,01001111101001010011
2097,01001111110000011100
2112,01001111110000011101
2118,01001111110000011110
2120,01001111110000011111
2136,01001111110001000100
2140,01001111110001000101
2141,01001111110001000110
2149,01001111110001000111
2150,01001111110001101100
2152,01001111110001101101
2154,01001111110001110000
2155,01001111110001110001
2159,01001111110001110010
2164,01001111110001110011
2167,01001111110001110110
2171,01001111110001110111
2172,01001111110001111100
2177,01001111110001111101
2180,01001111110010000010
2185,01001111110010000011
2189,01001111110010000100
2191,01001111110010000101
2192,01001111110010000110
2197,01001111110010000111
2199,01001111110010001010
2203,01001111110010001011
2205,01001111110010010000
2209,01001111110010010001
2217,01001111110010011000
2218,01001111110010011001
2223,01001111110010011010
2234,01001111110010011011
2235,01001111110010100010
2239,01001111110010100011
2247,01001111110010100110
2251,01001111110010100111
2253,01001111110010101010
2254,01001111110010101011
2255,01001111110010101100
2260,01001111110010101101
2267,01001111110010101110
2269,01001111110010101111
2273,01001111110010110000
2281,01001111110010110001
2282,01001111110010111100
2284,01001111110010111101
2286,01001111110010111110
2288,01001111110010111111
2290,01001111110011000000
2291,01001111110011000001
2292,01001111110011000010
2293,01001111110011000011
2294,01001111110011000100
2296,01001111110011000101
2300,01001111110011000110
2301,01001111110011000111
2302,01001111110011001000
2305,01001111110011001001
2313,01001111110011001110
2315,01001111110011001111
2316,01001111110011010000
2317,01001111110011010001
2318,01001111110011010010
2321,01001111110011010011
2323,01001111110011010100
2324,01001111110011010101
2330,01001111110011011100
2337,01001111110011011101
2338,01001111110011011110
2343,01001111110011011111
2346,01001111110011100000
2347,01001111110011100001
2351,01001111110011100010
2356,01001111110011100011
2357,01001111110011100110
2359,01001111110011100111
2365,01001111110011101010
2366,01001111110011101011
2367,01001111110011101100
2374,01001111110011101101
2376,01001111110011101110
2380,01001111110011101111
2381,01001111110011110000
2383,01001111110011110001
2385,01001111110011110100
2387,01001111110011110101
2394,01001111110011111000
2395,01001111110011111001
2402,01001111110011111100
2403,01001111110011111101
2405,01001111110011111110
2409,01001111110011111111
2417,01001111110100001010
2420,01001111110100001011
2421,01001111110100001100
2423,01001111110100001101
2425,01001111110100001110
2428,01001111110100001111
2430,01001111110100010010
2434,01001111110100010011
2440,01001111110100011000
2442,01001111110100011001
2445,01001111110100011100
2446,01001111110100011101
2452,01001111110100011110
2459,01001111110100011111
2465,01001111110100100100
2467,01001111110100100101
2468,01001111110100100110
2469,01001111110100100111
2470,01001111110100101000
2472,01001111110100101001
2473,01001111110100101010
2475,01001111110100101011
2484,01001111110100110100
2486,01001111110100110101
2487,01001111110100111000
2488,01001111110100111001
2493,01001111110100111110
2494,01001111110100111111
2495,01001111110101000000
2496,01001111110101000001
2498,01001111110101000010
2499,01001111110101000011
2504,01001111110101000100
2507,01001111110101000101
2513,01001111110101001000
2516,01001111110101001001
2520,01001111110101001100
2522,01001111110101001101
2523,01001111110101001110
2525,01001111110101001111
2526,01001111110101010010
2529,01001111110101010011
2530,01001111110101010100
2532,01001111110101010101
2538,01001111110101011110
2539,01001111110101011111
2541,01001111110101100010
2546,01001111110101100011
2547,01001111110101100110
2552,01001111110101100111
2554,01001111110101101100
2555,01001111110101101101
2557,01001111110101101110
2559,01001111110101101111
2564,01001111110101110010
2566,01001111110101110011
2568,01001111110101110110
2574,01001111110101110111
2575,01001111110101111000
2576,01001111110101111001
2577,01001111110101111010
2578,01001111110101111011
2579,01001111110101111100
2581,01001111110101111101
2591,01001111110110000110
2593,01001111110110000111
2595,01001111110110001010
2598,01001111110110001011
2602,01001111110110010000
2603,01001111110110010001
2609,01001111110110010010
2613,01001111110110010011
2614,01001111110110011010
2621,01001111110110011011
2626,01001111110110101000
2631,01001111110110101001
2634,01001111110110111000
2637,01001111110110111001
2647,01001111110111000010
2651,01001111110111000011
2816,01001111111011001000
2817,01001111111011001001
2818,01001111111011001010
2823,01001111111011001011
2824,01001111111011001110
2826,01001111111011001111
2827,01001111111011010010
2829,01001111111011010011
2830,01001111111011010110
2832,01001111111011010111
2834,01001111111011011010
2836,01001111111011011011
2843,01001111111011100010
2845,01001111111011100011
2847,01001111111011100100
2856,01001111111011100101
2860,01001111111011101010
2861,01001111111011101011
2862,01001111111011101100
2866,01001111111011101101
2867,01001111111011101110
2870,01001111111011101111
2875,01001111111011111000
2876,01001111111011111001
2879,01001111111011111100
2881,01001111111011111101
2882,01001111111011111110
2883,01001111111011111111
2888,01001111111100000000
2892,01001111111100000001
2896,01001111111100000010
2899,01001111111100000011
2900,01001111111100000100
2903,01001111111100000101
2912,01001111111100000110
2914,01001111111100000111
2915,01001111111100001000
2919,01001111111100001001
2925,01001111111100001010
2928,01001111111100001011
2931,01001111111100001110
2935,01001111111100001111
2936,01001111111100010000
2937,01001111111100010001
2938,01001111111100010010
2949,01001111111100010011
2951,01001111111100011010
2957,01001111111100011011
2962,01001111111100011100
2968,01001111111100011101
2969,01001111111100100010
2971,01001111111100100011
2974,01001111111100100100
2982,01001111111100100101
2984,01001111111100100110
2985,01001111111100100111
2990,01001111111100101010
2992,01001111111100101011
2996,01001111111100101100
3008,01001111111100101101
3009,01001111111100110010
3013,01001111111100110011
3022,01001111111100110110
3023,01001111111100110111
3030,01001111111100111010
3035,01001111111100111011
3037,01001111111100111100
3043,01001111111100111101
3053,01001111111100111110
3073,01001111111100111111
3078,01001111111101000010
3082,01001111111101000011
3093,01001111111101000110
3098,01001111111101000111
3101,01001111111101001000
3104,01001111111101001001
3106,01001111111101001100
3107,01001111111101001101
3114,01001111111101001110
3131,01001111111101001111
3148,01001111111101010000
3155,01001111111101010001
3159,01001111111101010010
3163,01001111111101010011
3182,01001111111101010100
3195,01001111111101010101
3217,01001111111101010110
3236,01001111111101010111
3242,01001111111101011000
3263,01001111111101011001
3294,01001111111101011010
3304,01001111111101011011
3306,01001111111101011100
3312,01001111111101011101
3343,01001111111101011110
3354,01001111111101011111
3369,01001111111101100000
3380,01001111111101100001
3391,01001111111101100010
3392,01001111111101100011
3393,01001111111101100100
3467,01001111111101100101
3469,01001111111101101000
3486,01001111111101101001
3514,01001111111101101010
3515,01001111111101101011
3532,01001111111101101100
3538,01001111111101101101
3549,01001111111101101110
3578,01001111111101101111
3583,01001111111101110000
3589,01001111111101110001
3591,01001111111101110010
3595,01001111111101110011
3598,01001111111101110100
3606,01001111111101110101
3609,01001111111101110110
3623,01001111111101110111
3626,01001111111101111000
3627,01001111111101111001
3630,01001111111101111010
3645,01001111111101111011
3651,01001111111101111110
3678,01001111111101111111
3679,01001111111110000000
3683,01001111111110000001
3684,01001111111110000010
3692,01001111111110000011
3716,01001111111110000100
3719,01001111111110000101
3720,01001111111110000110
3723,01001111111110000111
3727,01001111111110001000
3728,01001111111110001001
3743,01001111111110001010
3747,01001111111110001011
3759,01001111111110001100
3762,01001111111110001101
3766,01001111111110010000
3777,01001111111110010001
3778,01001111111110010010
3784,01001111111110010011
3793,01001111111110010100
3798,01001111111110010101
3806,01001111111110011000
3820,01001111111110011001
3822,01001111111110011010
3823,01001111111110011011
3830,01001111111110011100
3832,01001111111110011101
3833,01001111111110011110
3840,01001111111110011111
3846,01001111111110100000
3848,01001111111110100001
3851,01001111111110100010
3860,01001111111110100011
3866,01001111111110100110
3867,01001111111110100111
3868,01001111111110101000
3888,01001111111110101001
3889,01001111111110101110
3897,01001111111110101111
3900,01001111111110110100
3904,01001111111110110101
3905,01001111111110110110
3906,01001111111110110111
3908,01001111111110111000
3909,01001111111110111001
3911,01001111111110111010
3915,01001111111110111011
3916,01001111111110111100
3919,01001111111110111101
3920,01001111111110111110
3922,01001111111110111111
3924,01001111111111000010
3925,01001111111111000011
3927,01001111111111000100
3931,01001111111111000101
3932,01001111111111001000
3935,01001111111111001001
3936,01001111111111001010
3942,01001111111111001011
3944,01001111111111010000
3946,01001111111111010001
3947,01001111111111010010
3948,01001111111111010011
3950,01001111111111010100
3957,01001111111111010101
3963,01001111111111011110
3965,01001111111111011111
3966,01001111111111100000
3969,01001111111111100001
3971,01001111111111100010
3972,01001111111111100011
3974,01001111111111100100
3977,01001111111111100101
3980,01001111111111101010
3984,01001111111111101011
3985,01001111111111101110
3986,01001111111111101111
3988,01001111111111110000
3992,01001111111111110001
3994,01001111111111111010
3998,01001111111111111011
4000,01011000001000000010
4002,01011000001000000011
4010,01011000001000001000
4012,01011000001000001001
4013,01011000001000001010
4024,01011000001000001011
4028,01011000001000100000
4029,01011000001000100001
4034,01011000001000100010
4041,01011000001000100011
4176,01011000001000111010
4178,01011000001000111011
4181,01011000001010101100
4183,01011000001010101101
4185,01011000001010101110
4193,01011000001010101111
4198,01011000001100000010
4199,01011000001100000011
4210,01011000001100000100
4241,01011000001100000101
4589,01011000001100000110
4775,01011000001100000111
5166,01011000001100001000
5458,01011000001100001001
5608,01011000001100001010
5913,01011000001100001011
6170,01011000001100001100
7129,01011000001100001101
7149,01011000001100001110
7198,01011000001100001111
7277,01011000001100010000
7282,01011000001100010001
7377,01011000001100010010
7442,01011000001100010011
7534,01011000001100010100
7558,01011000001100010101
7687,01011000001100010110
7722,01011000001100010111
7738,01011000001100011000
7789,01011000001100011001
7866,01011000001100011100
7932,01011000001100011101
7936,01011000001100011110
7949,01011000001100011111
7968,01011000001100100000
7999,01011000001100100001
8016,01011000001100100010
8034,01011000001100100011
8052,01011000001100100100
8083,01011000001100100101
8086,01011000001100100110
8113,01011000001100100111
8118,01011000001100101000
8120,01011000001100101001
8125,01011000001100101010
8132,01011000001100101011
8134,01011000001100101100
8153,01011000001100101101
8163,01011000001100110000
8164,01011000001100110001
8167,01011000001100110010
8173,01011000001100110011
8174,01011000001100110100
8178,01011000001100110101
8185,01011000001100110110
8186,01011000001100110111
8189,01011000001100111000
8191,01011000001100111001
8196,01011000001100111100
8197,01011000001100111101
8199,01011000001100111110
8202,01011000001100111111
8208,01011000001101000010
8210,01011000001101000011
8211,01011000001101000100
8212,01011000001101000101
8218,01011000001101001000
8219,01011000001101001001
8220,01011000001101001010
8222,01011000001101001011
8225,01011000001101001100
8226,01011000001101001101
8232,01011000001101010010
8233,01011000001101010011
8239,01011000001101011100
8241,01011000001101011101
8243,01011000001101100000
8244,01011000001101100001
8248,01011000001101100100
8251,01011000001101100101
8252,01011000001101101000
8253,01011000001101101001
8254,01011000001101101010
8255,01011000001101101011
8258,01011000001101101100
8261,01011000001101101101
8262,01011000001101101110
8264,01011000001101101111
8266,01011000001101110010
8269,01011000001101110011
8274,01011000001101111000
8281,01011000001101111001
8282,01011000001101111100
8284,01011000001101111101
8288,01011000001101111110
8291,01011000001101111111
8301,01011000100101000110
8302,01011000100101000111
8303,01011000100101001000
8308,01011000100101001001
8309,01011000100101001010
8311,01011000100101001011
8313,01011000100101001100
8314,01011000100101001101
8317,01011000100101010000
8320,01011000100101010001
8324,01011000100101010100
8327,01011000100101010101
8330,01011000100101010110
8336,01011000100101010111
8337,01011000100101011110
8343,01011000100101011111
